person 0.976925 0.00 191.62 122.19 378.55
person 0.868629 60.00 167.57 143.18 377.28
person 0.834541 288.50 93.65 481.36 257.68
person 0.791766 289.44 140.11 392.77 267.02
person 0.714300 185.63 51.00 298.52 253.31
person 0.697337 85.43 170.95 428.42 368.87
person 0.695846 147.79 174.13 316.97 371.80
person 0.685555 53.38 140.72 250.86 366.61
person 0.671360 199.60 87.93 357.78 256.33
person 0.621986 188.35 75.37 279.59 197.85
person 0.621986 252.97 51.12 301.52 171.33
person 0.619847 444.19 175.27 482.18 255.63
person 0.590145 412.49 129.59 480.66 217.66
person 0.560938 335.67 155.10 479.16 377.72
person 0.550035 446.86 166.86 484.21 207.27
