person 0.940481 34.44 69.48 163.81 282.42
bicycle 0.907126 2.87 152.63 122.18 322.43
bicycle 0.905480 197.68 234.36 231.63 295.07
bicycle 0.891541 182.79 169.41 297.29 319.64
bicycle 0.886308 222.41 202.51 299.62 315.83
person 0.738368 444.17 102.84 483.95 193.69
person 0.738368 465.08 103.40 484.98 170.70
person 0.729330 447.60 31.35 494.10 202.58
bicycle 0.701965 38.58 213.82 67.81 277.37
person 0.677992 37.10 96.86 245.31 313.38
bicycle 0.676084 173.46 226.14 226.04 313.48
bicycle 0.652006 337.66 122.19 386.49 211.51
person 0.613586 463.00 27.88 495.39 150.08
bicycle 0.547662 101.95 218.46 174.69 282.12
bicycle 0.540123 33.93 182.42 181.05 294.92
bicycle 0.540123 57.68 206.28 125.06 307.53
person 0.531098 432.49 85.01 465.51 133.60
