car 0.996681 152.52 109.70 503.74 371.32
car 0.960029 127.83 74.65 360.10 382.53
car 0.894022 23.47 53.99 145.59 104.22
car 0.894022 17.86 58.99 110.80 132.73
car 0.893488 5.70 89.35 45.64 127.41
car 0.893488 21.64 97.36 47.14 118.93
car 0.893488 26.79 96.07 46.34 103.68
car 0.853131 6.28 56.71 54.11 130.00
car 0.774589 80.33 48.66 491.70 278.61
car 0.733518 146.38 103.86 245.98 130.37
car 0.723077 65.29 82.36 102.74 101.51
car 0.723077 51.59 116.89 91.65 132.21
car 0.722578 44.24 54.91 56.50 98.61
car 0.610413 205.98 72.86 239.14 89.15
car 0.576477 114.43 89.08 461.73 181.42
car 0.558661 55.35 69.97 116.15 133.06
car 0.558661 112.87 54.46 155.59 86.57
car 0.551993 81.64 48.96 154.77 163.28
car 0.548621 82.57 56.59 183.65 247.42
car 0.500957 217.24 58.53 267.68 83.86
