car 0.967069 4.98 165.67 57.33 191.04
car 0.922586 1.49 191.27 48.29 205.14
car 0.922586 1.52 201.27 49.29 215.14
car 0.922586 1.71 198.96 55.33 225.15
car 0.906898 41.01 146.84 194.92 284.16
person 0.887710 196.51 171.84 228.41 272.37
motorbike 0.857797 320.86 237.51 330.56 253.08
person 0.812171 235.14 157.99 308.57 291.58
car 0.796781 48.59 173.98 59.33 189.40
motorbike 0.794247 351.44 219.38 405.96 284.25
motorbike 0.794247 378.51 228.47 408.25 283.21
person 0.792921 135.66 186.44 148.72 200.64
person 0.792921 126.94 152.03 151.69 252.71
car 0.786308 1.62 195.65 36.99 200.68
motorbike 0.773300 194.61 244.50 205.87 281.24
person 0.766168 240.62 156.56 278.78 264.07
motorbike 0.699111 191.17 215.08 200.65 256.20
person 0.683324 248.61 162.93 363.15 285.37
person 0.670286 193.75 180.32 202.27 212.17
person 0.670286 217.97 170.16 237.34 223.82
motorbike 0.664294 246.34 213.89 276.29 278.85
person 0.632543 154.56 133.99 193.78 259.07
person 0.625175 277.46 157.33 313.58 199.58
person 0.625175 261.55 164.51 271.27 208.97
person 0.623170 238.29 204.71 248.98 239.35
person 0.619514 278.02 201.60 286.10 229.67
person 0.619514 271.12 195.69 283.61 211.00
car 0.570910 9.40 146.59 75.92 196.18
motorbike 0.559989 278.36 185.87 450.96 322.29
person 0.532522 214.48 117.42 292.33 271.64
car 0.515917 6.09 204.27 44.37 356.06
