person 0.925145 253.94 195.93 460.30 311.59
person 0.924373 335.24 187.89 359.10 273.01
person 0.924373 333.24 150.41 374.04 277.45
person 0.900475 387.73 175.02 447.60 293.00
person 0.900475 383.97 176.85 414.71 283.99
person 0.881032 401.29 199.30 493.51 285.34
person 0.802472 446.47 235.73 452.68 282.67
person 0.802472 399.96 236.10 439.00 281.62
person 0.784148 385.07 251.27 436.45 283.75
dog 0.777869 175.92 199.35 267.69 284.64
person 0.625593 242.38 238.93 401.78 286.18
person 0.524926 378.16 258.59 486.13 303.40
person 0.503051 420.42 182.28 445.53 274.60
