car 0.898268 78.10 172.27 104.66 202.10
car 0.898268 47.58 177.79 71.86 195.42
car 0.898268 53.33 172.27 102.66 202.10
car 0.880995 218.38 157.98 392.33 201.73
car 0.843038 36.96 177.49 138.52 245.16
car 0.816469 253.87 129.29 350.98 198.17
car 0.774122 107.61 182.69 131.66 196.33
car 0.685739 253.68 177.85 292.09 197.95
car 0.685739 241.34 176.43 260.55 199.21
car 0.594717 152.97 165.33 196.39 203.30
car 0.591534 22.95 175.02 95.36 200.22
car 0.591534 10.51 178.24 43.67 197.71
car 0.572348 307.67 176.82 337.46 194.39
