bus 0.904983 138.42 141.96 265.24 237.54
bus 0.865377 262.62 167.49 363.67 199.28
bus 0.758969 361.43 198.66 369.72 211.94
bus 0.696148 234.74 171.28 444.52 247.05
bus 0.681885 372.01 199.21 405.21 221.28
bus 0.681885 372.49 215.49 407.95 229.77
bus 0.681885 395.62 213.39 417.50 230.27
bus 0.681885 374.88 198.74 421.66 233.79
bus 0.617720 191.04 187.90 377.38 233.27
bus 0.579597 292.61 187.29 319.76 197.51
car 0.567210 178.70 194.14 224.06 222.41
car 0.567210 158.46 196.30 182.95 206.19
car 0.567210 156.21 190.90 193.41 220.58
