pottedplant 0.966807 190.44 45.90 276.73 146.67
pottedplant 0.949085 171.47 67.25 471.21 260.56
pottedplant 0.919907 137.98 88.16 253.85 216.65
pottedplant 0.866664 67.44 42.11 244.05 200.66
pottedplant 0.812783 148.64 121.77 349.99 297.73
pottedplant 0.777863 158.90 100.39 223.73 205.31
pottedplant 0.758781 153.74 31.66 259.30 143.16
pottedplant 0.706675 196.01 123.32 360.28 232.83
pottedplant 0.664616 112.84 99.75 437.96 349.60
pottedplant 0.586331 265.93 51.44 365.66 131.26
pottedplant 0.575086 189.84 153.97 223.59 202.64
pottedplant 0.575086 219.18 180.82 233.25 201.87
