person 0.956172 52.11 52.82 289.32 387.41
person 0.955824 272.41 111.97 482.07 356.90
person 0.928546 198.66 32.35 472.82 383.55
person 0.878880 374.67 213.97 463.06 308.23
person 0.857612 241.98 80.50 288.86 216.35
person 0.794797 184.32 40.80 249.37 198.78
person 0.794797 236.04 61.39 287.51 159.32
person 0.757874 131.04 49.76 289.90 166.24
person 0.643157 194.36 158.79 235.50 183.31
person 0.611533 380.64 130.64 440.01 224.83
sofa 0.593750 1.01 118.31 120.40 380.60
person 0.566304 142.04 183.35 298.09 375.09
