car 0.975052 34.46 137.88 198.99 296.91
car 0.945697 74.36 159.93 127.62 179.02
car 0.945697 69.93 158.67 127.36 200.21
car 0.945697 87.75 136.05 129.36 170.85
car 0.913150 57.83 121.92 70.35 143.12
car 0.882743 187.45 153.89 251.95 212.48
car 0.771904 228.70 272.35 256.58 302.64
car 0.756121 84.14 147.45 326.44 253.53
car 0.726682 193.83 206.56 290.15 313.56
car 0.706655 192.97 254.97 259.93 310.04
car 0.634359 232.37 235.85 294.08 318.60
car 0.634359 255.61 258.89 294.95 318.43
car 0.627384 177.68 270.59 254.10 318.38
car 0.609641 70.89 164.86 236.20 325.52
car 0.585712 182.41 270.34 208.54 305.12
car 0.585712 197.76 274.88 211.76 302.70
