person 0.990563 370.10 297.12 466.85 345.65
person 0.990563 371.94 336.72 462.93 338.10
car 0.956377 215.37 243.15 323.21 307.89
car 0.918684 142.18 246.59 467.69 329.64
person 0.915067 353.41 336.24 479.18 344.37
person 0.914739 381.36 279.45 452.62 324.84
person 0.911139 462.90 337.84 496.32 344.76
bus 0.823399 1.30 162.24 200.12 322.23
person 0.804581 433.08 253.35 493.61 305.42
person 0.804581 443.27 275.18 467.82 301.21
person 0.804581 442.88 270.90 494.41 315.16
person 0.804581 443.77 279.98 494.49 351.58
car 0.751555 200.41 268.91 229.62 300.24
person 0.689939 310.31 337.54 483.15 375.98
person 0.651803 329.87 253.64 446.23 335.71
car 0.522602 300.62 268.91 329.14 295.62
car 0.522602 307.44 248.20 348.07 317.03
car 0.522602 293.28 273.66 328.92 306.54
