person 0.945195 142.65 29.18 305.70 294.62
car 0.832875 80.85 62.38 161.10 79.87
car 0.832875 60.11 60.63 151.68 64.66
car 0.832875 57.37 62.76 160.25 97.74
car 0.832875 58.34 86.38 160.20 93.10
car 0.832875 51.46 90.75 158.46 93.44
car 0.832875 59.11 44.38 150.68 61.87
car 0.832875 60.06 61.88 149.57 63.22
car 0.804082 7.95 81.72 153.40 94.35
person 0.759584 63.30 49.96 228.71 297.94
person 0.672945 220.63 93.36 306.31 226.54
person 0.566563 178.23 128.93 297.26 276.49
person 0.556942 29.96 47.29 356.96 284.60
