person 0.945311 385.53 121.24 497.40 326.68
person 0.932989 138.46 60.52 260.35 181.79
person 0.903023 12.60 120.04 171.87 317.64
diningtable 0.887859 90.48 189.86 544.65 380.80
person 0.834982 128.87 54.27 188.43 182.39
person 0.819120 303.00 58.17 390.61 221.94
person 0.812038 228.35 63.47 307.89 152.53
person 0.762256 303.91 62.84 490.01 263.06
person 0.606701 81.91 62.40 199.83 240.17
diningtable 0.593934 62.66 88.78 455.02 366.01
person 0.593895 20.26 40.35 105.33 326.92
person 0.574785 317.79 74.62 361.32 203.23
diningtable 0.549746 275.82 168.79 438.20 325.51
