person 0.863357 177.34 119.84 259.71 253.73
person 0.842134 148.55 124.63 309.68 291.39
horse 0.717161 186.21 204.45 270.20 306.59
person 0.678589 319.57 143.50 364.08 266.24
person 0.678589 299.63 162.41 360.63 295.82
person 0.645094 258.72 174.26 296.68 231.38
person 0.645094 299.13 157.83 310.68 196.35
person 0.645094 284.65 143.10 291.25 205.53
person 0.643215 215.67 173.07 267.45 256.80
person 0.627176 111.82 105.75 249.47 302.27
person 0.551834 233.35 179.65 269.33 230.84
car 0.536201 370.74 147.69 490.18 233.19
person 0.510060 294.31 173.14 323.23 252.80
person 0.510060 311.33 175.27 327.98 195.51
car 0.508741 360.96 151.37 407.25 191.56
car 0.508741 376.29 177.22 406.84 200.48
person 0.508190 118.98 208.34 167.03 255.42
