person 0.934115 67.82 82.51 192.74 215.74
person 0.915560 178.29 61.24 278.03 191.68
person 0.891094 92.62 69.63 257.75 213.30
person 0.888935 174.87 61.00 231.88 131.22
bicycle 0.764104 93.55 150.90 291.34 264.32
person 0.745186 211.53 55.33 224.79 85.28
person 0.737814 227.67 51.18 272.12 128.45
person 0.686699 223.67 99.79 345.45 144.37
person 0.671606 165.14 106.12 253.81 183.63
person 0.664887 219.68 57.96 255.85 94.48
person 0.664887 239.48 42.51 275.04 81.92
person 0.664887 234.14 43.21 253.14 65.32
person 0.596085 219.97 75.85 263.92 121.61
person 0.596085 198.52 92.61 283.28 125.29
