tvmonitor 0.959121 18.65 131.14 62.39 149.89
diningtable 0.953673 250.14 113.07 497.95 377.52
diningtable 0.942612 84.66 200.18 368.60 392.36
chair 0.938325 377.11 161.38 493.30 353.54
person 0.935548 294.33 80.18 311.31 160.60
tvmonitor 0.933278 92.89 97.20 165.72 186.60
tvmonitor 0.933278 95.38 92.31 130.86 169.42
tvmonitor 0.914690 15.81 91.23 112.82 248.66
tvmonitor 0.909408 99.43 47.61 149.53 165.37
tvmonitor 0.903729 0.52 107.11 22.60 134.06
person 0.869828 299.07 85.45 342.20 154.25
tvmonitor 0.866379 0.00 82.16 78.65 111.15
tvmonitor 0.826562 32.18 146.76 71.78 158.00
chair 0.824120 39.85 245.80 94.70 298.35
tvmonitor 0.743706 101.12 111.91 132.91 127.61
chair 0.742833 2.87 191.10 76.31 309.65
chair 0.742833 3.12 179.63 82.85 252.19
tvmonitor 0.715153 96.30 155.53 109.46 168.02
person 0.594014 317.88 64.58 343.05 96.33
diningtable 0.580722 74.14 71.69 437.96 343.74
tvmonitor 0.516973 8.16 57.92 81.44 111.51
