car 0.990350 169.50 74.54 432.99 276.66
car 0.923983 68.24 98.11 452.57 340.97
car 0.918208 29.71 28.57 179.15 340.53
car 0.825046 73.85 76.86 93.81 85.12
car 0.819043 123.86 148.12 335.89 296.06
car 0.789087 16.30 53.41 107.15 110.03
car 0.768081 445.74 76.55 497.23 130.22
car 0.768081 419.35 109.06 465.42 129.62
car 0.746133 371.02 101.82 438.01 108.58
car 0.746133 365.61 78.79 405.81 86.68
car 0.746133 370.09 86.45 437.93 106.74
car 0.746133 370.87 108.48 436.19 127.64
car 0.656224 8.46 74.68 89.37 104.34
car 0.644783 15.52 76.43 193.84 183.16
car 0.631807 388.62 64.92 480.87 118.30
car 0.602957 368.26 124.65 391.93 150.72
car 0.597829 17.40 104.80 124.70 340.75
