person 0.972983 0.00 50.59 172.37 382.58
diningtable 0.966327 145.03 223.09 449.26 376.21
bottle 0.928768 224.47 107.60 342.44 246.05
person 0.916028 391.61 162.09 495.96 379.03
bottle 0.895446 319.65 187.80 385.07 212.56
bottle 0.891171 284.97 101.93 346.21 209.99
bottle 0.858909 289.08 169.30 388.27 243.92
bottle 0.858909 323.57 167.61 362.50 198.90
person 0.809554 28.41 38.74 203.66 261.01
bottle 0.759420 284.17 183.41 318.28 243.72
person 0.755625 29.87 86.60 397.67 379.62
person 0.700356 315.97 27.88 331.40 40.11
bottle 0.693366 301.77 143.39 422.78 286.43
person 0.667543 430.75 214.03 488.11 307.99
person 0.634028 298.77 78.47 312.44 121.83
person 0.570374 0.86 58.95 50.61 202.37
bottle 0.565977 280.46 160.36 304.62 239.97
bottle 0.565977 264.25 177.78 277.43 195.29
person 0.504779 150.05 81.76 187.30 141.99
