horse 0.978857 79.88 84.12 284.59 225.85
horse 0.965121 203.25 33.32 311.65 192.10
horse 0.934094 86.99 56.67 435.34 178.26
person 0.868306 41.29 66.75 99.84 94.45
person 0.868306 13.05 64.71 80.72 96.20
person 0.811482 11.61 46.73 30.48 79.69
person 0.811482 1.20 60.78 7.49 87.86
person 0.686530 37.58 82.90 179.30 181.08
person 0.639329 6.78 101.81 49.70 105.32
person 0.637894 2.38 37.03 16.52 75.20
person 0.631473 335.32 49.48 349.45 66.30
person 0.631473 358.20 50.24 371.58 58.65
person 0.523498 23.37 93.30 106.57 168.57
