person 0.955988 30.69 131.15 76.28 212.77
person 0.955988 3.65 116.85 39.11 248.36
dog 0.950937 397.64 221.24 431.35 266.21
person 0.947658 15.74 131.67 136.55 256.19
dog 0.900859 356.06 227.23 398.76 283.72
person 0.898430 188.62 128.20 246.71 282.24
dog 0.889211 259.52 198.33 485.63 275.39
person 0.846555 58.84 148.18 267.74 288.20
person 0.801002 6.72 181.05 101.39 267.15
person 0.667093 9.07 136.43 56.71 251.09
dog 0.608752 435.57 201.81 496.48 248.73
person 0.607427 204.09 158.57 250.98 251.00
person 0.512156 61.11 145.79 81.87 244.43
