person 0.983927 398.49 155.74 432.01 286.11
person 0.971993 356.66 180.72 390.36 266.26
person 0.938327 256.26 182.51 451.81 293.37
person 0.862938 415.98 162.38 483.14 294.16
car 0.840199 3.20 206.07 27.16 241.91
person 0.837916 215.84 114.37 381.20 256.45
person 0.779050 297.88 158.77 320.21 223.61
person 0.760418 275.00 183.86 289.46 210.00
person 0.733970 400.26 198.50 415.20 281.82
person 0.733970 425.26 179.85 440.20 277.66
person 0.678086 378.98 185.06 393.18 215.08
person 0.668165 402.33 149.85 440.88 237.32
person 0.668165 439.95 174.21 455.72 214.83
person 0.668165 402.11 171.30 420.51 243.16
person 0.654532 374.59 171.65 382.78 203.44
