chair 0.955228 151.05 230.73 261.41 263.90
chair 0.943257 106.77 197.68 483.39 300.56
diningtable 0.939652 167.79 263.70 442.82 377.99
chair 0.937589 109.13 225.21 226.86 332.85
chair 0.918881 13.49 248.00 129.87 377.72
diningtable 0.878450 100.50 295.35 269.67 377.11
chair 0.856732 3.77 197.02 111.70 329.92
chair 0.765285 205.45 243.59 266.09 251.05
chair 0.764244 15.71 236.54 263.72 382.14
chair 0.749060 272.08 226.92 335.53 316.79
chair 0.734070 110.75 242.90 129.64 263.10
chair 0.695105 265.62 212.60 293.03 219.30
chair 0.685581 290.60 234.10 488.80 375.52
chair 0.637215 50.46 212.16 469.12 373.39
chair 0.530747 290.93 211.90 436.60 228.19
