car 0.974614 313.20 170.52 415.26 211.87
car 0.974614 317.72 156.29 445.10 247.54
car 0.972177 369.30 137.57 391.42 152.08
car 0.972177 391.28 135.15 419.95 164.15
car 0.972177 387.57 167.83 404.77 179.70
car 0.972177 392.51 132.94 429.36 184.36
car 0.948812 384.84 167.08 450.61 204.71
car 0.864187 415.18 146.70 430.10 182.69
car 0.864187 424.29 134.54 440.00 180.22
car 0.864187 420.41 161.68 436.90 172.75
car 0.847014 445.17 158.21 460.85 210.75
car 0.762248 221.82 160.39 377.87 215.27
car 0.703986 297.12 171.88 322.73 188.00
car 0.700940 324.55 162.18 382.27 191.53
car 0.672255 143.32 179.54 254.97 275.44
car 0.550294 40.76 149.55 242.72 306.52
car 0.509843 179.09 228.11 209.87 250.20
