train 0.991000 0.00 0.00 342.98 271.27
person 0.931500 320.36 133.75 341.51 178.93
train 0.882391 64.08 31.33 449.59 259.48
person 0.830645 412.77 129.70 439.60 169.02
person 0.787621 410.21 163.18 423.06 195.71
person 0.787587 405.01 146.93 475.43 265.48
person 0.762845 330.88 152.16 338.98 171.31
person 0.762845 358.88 155.94 366.98 183.31
person 0.758893 377.18 147.04 392.66 211.63
person 0.749116 315.84 118.96 361.97 220.80
person 0.749116 314.08 166.66 350.98 216.85
person 0.736865 262.16 128.80 281.45 163.65
person 0.625817 449.58 96.34 494.10 182.06
person 0.609369 460.89 163.82 478.60 267.50
person 0.591028 351.60 139.33 465.32 264.16
person 0.575305 341.17 132.97 364.26 215.18
person 0.575305 360.50 154.98 385.09 207.29
person 0.552899 305.67 63.46 464.20 220.40
person 0.531385 444.11 164.89 474.53 235.11
