cow 0.990619 232.61 214.54 492.01 389.10
cow 0.976429 270.86 173.90 487.94 262.40
cow 0.965846 131.69 167.19 256.78 265.94
cow 0.965846 180.68 180.69 245.73 263.34
cow 0.950830 116.01 178.86 188.02 306.98
cow 0.944268 103.41 188.62 445.16 386.11
cow 0.835193 84.68 185.40 255.02 366.28
cow 0.821871 139.21 200.23 212.60 272.25
cow 0.770599 211.70 219.59 249.54 257.47
cow 0.770599 236.02 212.41 284.41 302.84
cow 0.768386 219.09 212.43 237.11 232.00
cow 0.700436 174.19 174.35 208.91 240.89
cow 0.691589 240.54 250.86 255.48 291.54
cow 0.563981 254.83 283.05 295.74 349.88
