pottedplant 0.927032 203.19 161.85 464.68 255.81
pottedplant 0.827587 237.44 213.52 452.06 349.68
pottedplant 0.822820 79.47 314.81 99.68 335.43
pottedplant 0.822820 91.27 309.00 102.97 323.74
pottedplant 0.822820 74.42 286.51 92.50 338.08
pottedplant 0.798522 307.53 225.50 325.13 253.99
pottedplant 0.708712 87.39 212.48 214.18 317.68
pottedplant 0.675911 31.32 261.12 208.76 374.01
pottedplant 0.574106 255.80 221.13 270.41 267.31
pottedplant 0.555208 194.36 231.43 209.85 256.06
pottedplant 0.555208 208.69 232.54 238.72 252.48
pottedplant 0.555208 195.03 230.92 239.58 277.83
