car 0.996489 31.84 71.98 471.47 369.68
car 0.908319 133.53 42.24 450.10 186.88
car 0.870259 287.36 26.73 498.45 213.86
car 0.863873 264.95 98.03 493.34 328.56
car 0.809732 313.48 38.76 402.25 106.44
car 0.728300 7.14 84.69 72.25 119.17
car 0.728300 5.23 80.77 52.98 83.15
car 0.728300 5.99 86.09 60.69 95.60
car 0.727328 96.25 31.09 336.65 139.33
car 0.726296 362.09 65.72 391.54 114.50
car 0.726296 396.23 50.36 436.63 88.93
car 0.722703 23.34 30.76 166.45 108.13
car 0.672547 44.53 20.41 229.65 153.97
car 0.622759 175.14 42.88 415.38 123.05
person 0.594696 189.75 63.55 210.62 72.80
car 0.581811 6.32 78.80 75.33 147.65
car 0.550148 239.34 29.55 329.38 64.54
car 0.534545 341.76 89.43 493.40 269.16
car 0.531727 290.26 29.85 341.01 45.66
car 0.504349 7.64 79.54 57.81 86.29
