person 0.975109 92.17 178.11 415.18 374.29
bicycle 0.970824 0.00 268.90 137.33 362.33
person 0.967883 393.12 127.34 493.07 320.17
person 0.967230 205.92 112.72 477.26 321.69
person 0.950174 351.89 131.61 408.26 332.59
bicycle 0.934833 0.00 283.25 328.70 370.18
person 0.783425 258.86 183.29 392.73 353.66
bicycle 0.684612 0.00 312.78 140.88 376.25
bicycle 0.651461 10.26 276.40 87.46 367.04
person 0.606749 373.72 155.00 440.28 355.20
person 0.606749 354.26 205.20 396.90 331.48
person 0.606749 378.99 180.40 410.20 309.76
bicycle 0.572046 18.00 339.13 68.71 343.07
person 0.549979 71.90 208.99 279.09 363.60
