tvmonitor 0.991931 173.84 6.41 391.97 185.08
chair 0.991364 197.15 295.85 371.24 378.26
tvmonitor 0.989812 237.17 44.72 363.20 161.04
tvmonitor 0.945113 219.57 10.68 362.23 114.38
chair 0.891968 220.54 262.31 432.53 370.98
chair 0.866921 201.10 282.27 273.36 380.67
chair 0.859499 257.82 259.54 379.89 348.02
chair 0.859499 258.22 285.91 368.61 303.39
tvmonitor 0.814992 277.83 63.32 349.68 123.23
tvmonitor 0.690149 154.98 0.00 251.29 168.10
chair 0.643797 126.83 218.63 196.98 352.45
chair 0.643797 137.86 222.54 195.76 300.50
tvmonitor 0.564239 259.55 55.67 355.06 75.66
tvmonitor 0.564239 286.54 57.30 344.03 66.30
