diningtable 0.947447 370.48 294.66 458.85 381.00
diningtable 0.943934 335.79 229.13 496.05 333.83
chair 0.928249 196.80 215.70 233.61 335.63
chair 0.928249 236.11 221.65 240.95 316.50
diningtable 0.906540 241.11 224.65 494.57 380.39
chair 0.902908 171.95 192.57 231.88 371.95
chair 0.788315 99.58 208.58 344.76 364.11
chair 0.786897 94.11 188.10 204.18 339.11
chair 0.781099 234.44 214.93 246.61 374.08
chair 0.771590 238.40 208.85 272.64 336.21
chair 0.707969 96.95 182.83 109.00 254.57
diningtable 0.647178 458.85 286.11 462.15 327.77
diningtable 0.641648 386.48 281.66 412.87 305.05
diningtable 0.562290 450.68 297.25 460.46 380.61
diningtable 0.510785 98.13 126.88 476.38 373.73
