pottedplant 0.996146 39.97 3.76 503.99 304.75
pottedplant 0.990538 28.16 130.84 512.16 375.00
pottedplant 0.982644 274.60 2.85 498.60 311.05
pottedplant 0.978372 32.92 2.11 213.49 350.92
pottedplant 0.921468 18.13 16.94 137.55 294.97
pottedplant 0.862462 37.80 138.16 193.59 257.99
pottedplant 0.849432 81.36 178.07 395.25 345.65
pottedplant 0.803614 77.23 198.47 244.45 342.01
pottedplant 0.697862 3.43 206.68 144.81 374.81
pottedplant 0.631696 38.94 244.09 147.30 295.18
pottedplant 0.607925 32.43 192.07 112.58 249.68
pottedplant 0.601952 305.68 165.12 457.58 354.80
