bus 0.906289 349.34 258.48 490.48 389.13
car 0.888672 74.49 265.50 426.34 371.01
car 0.846255 291.03 296.99 366.01 348.38
car 0.810684 45.61 343.64 382.61 374.59
car 0.780620 250.91 307.15 421.77 364.08
car 0.732432 5.34 330.59 43.98 348.19
car 0.732432 37.41 307.76 62.07 318.11
car 0.732432 7.27 307.36 59.88 335.30
car 0.732432 5.23 328.76 43.04 339.11
bus 0.718389 370.71 295.29 420.60 319.44
bus 0.718389 393.19 252.68 412.32 301.98
bus 0.718389 337.24 280.72 435.36 319.96
car 0.683863 319.88 324.11 430.58 363.45
car 0.664728 366.32 311.22 401.29 326.56
bus 0.572517 315.54 259.15 430.08 321.62
car 0.553053 316.46 341.63 326.80 360.09
