person 0.984139 406.16 19.46 438.60 34.70
person 0.980065 135.44 133.66 257.29 308.71
person 0.971615 18.01 2.37 144.18 126.33
person 0.925547 355.70 1.08 447.69 79.11
person 0.925547 373.86 0.56 450.84 40.63
person 0.917097 226.91 213.25 261.09 305.93
person 0.853718 460.31 0.00 481.70 60.65
person 0.656459 7.39 0.90 80.81 55.61
person 0.656459 38.47 0.75 82.86 46.34
person 0.603901 446.81 2.72 457.79 31.23
person 0.603901 416.69 2.56 434.99 29.39
person 0.588667 27.83 65.84 70.23 117.13
person 0.588667 25.06 68.66 36.79 104.16
