boat 0.949093 76.18 235.22 353.73 341.06
boat 0.912595 100.99 183.61 444.04 292.01
boat 0.910312 270.27 122.03 414.60 255.04
boat 0.907164 289.83 223.52 469.58 295.87
boat 0.888309 139.50 165.39 301.21 285.38
boat 0.888309 179.91 165.58 264.11 252.63
boat 0.820774 144.67 272.18 319.24 305.31
boat 0.820774 151.65 266.65 362.36 347.76
boat 0.818239 248.10 100.06 314.36 262.05
boat 0.800947 250.47 251.88 340.44 297.64
boat 0.774633 314.14 226.62 388.46 280.67
boat 0.774633 323.26 222.17 422.92 257.08
boat 0.773538 364.06 263.82 390.94 277.77
boat 0.746981 330.07 216.41 463.97 273.26
boat 0.689423 242.08 154.78 300.78 286.29
boat 0.679970 174.63 302.85 240.65 304.08
boat 0.679970 186.00 300.69 241.93 303.17
boat 0.501008 228.13 297.20 268.03 304.83
