person 0.952189 207.17 0.00 425.22 115.01
person 0.930615 399.44 0.00 418.59 32.23
person 0.834452 386.29 0.00 422.43 92.54
person 0.834452 345.68 0.00 418.78 97.80
car 0.808315 23.93 175.72 505.61 334.61
person 0.776415 426.92 0.00 493.38 82.08
person 0.731544 450.77 0.00 495.62 65.19
person 0.715200 375.87 0.27 383.26 21.44
person 0.715200 382.97 0.24 391.18 18.76
car 0.680541 74.26 136.91 530.58 277.98
car 0.670695 41.97 8.56 476.11 329.03
car 0.668922 198.98 189.71 447.67 332.67
person 0.644051 293.41 12.98 357.42 99.53
person 0.644051 248.15 0.00 322.33 110.57
person 0.621904 209.94 1.93 482.85 178.19
person 0.561425 183.47 0.00 299.74 120.38
person 0.550437 337.35 22.67 352.13 29.85
