tvmonitor 0.997261 14.72 30.83 308.73 281.13
tvmonitor 0.995354 9.73 62.87 194.44 262.61
tvmonitor 0.991510 178.06 37.96 312.23 293.07
tvmonitor 0.965539 19.41 33.69 478.23 357.59
tvmonitor 0.933083 227.61 45.31 505.01 250.70
tvmonitor 0.910099 175.27 39.16 220.08 251.73
tvmonitor 0.826276 238.04 34.27 239.00 201.13
tvmonitor 0.826276 221.00 70.36 221.00 235.07
tvmonitor 0.826276 234.00 72.83 234.00 201.17
tvmonitor 0.826276 210.38 71.13 220.04 191.99
tvmonitor 0.826276 235.04 33.19 236.00 202.18
tvmonitor 0.826276 237.00 35.32 237.00 201.10
tvmonitor 0.826276 236.04 35.23 237.00 203.15
tvmonitor 0.560077 224.69 37.84 230.74 246.32
