chair 0.976607 399.67 177.93 499.89 290.29
chair 0.967856 392.15 115.85 503.73 231.38
chair 0.909265 377.31 143.93 424.34 257.34
chair 0.892020 388.63 158.52 420.23 201.50
chair 0.892020 388.35 185.42 405.68 197.24
chair 0.845631 388.99 196.15 419.99 219.13
chair 0.831156 443.78 159.80 452.81 222.19
sofa 0.789874 167.28 37.80 274.40 297.75
chair 0.706639 437.03 112.45 447.59 190.15
chair 0.706639 433.01 129.83 436.18 169.23
chair 0.706639 428.02 104.14 434.36 150.10
chair 0.706639 403.04 139.88 416.77 194.60
chair 0.706639 424.02 104.97 431.41 165.16
chair 0.706639 448.05 116.92 463.89 161.79
chair 0.706639 414.03 118.18 422.47 179.47
dog 0.677821 262.41 281.18 290.58 298.17
chair 0.512325 456.06 160.12 473.75 220.12
chair 0.511636 403.26 52.19 468.29 164.60
chair 0.505056 386.23 156.39 416.84 180.62
chair 0.505056 387.43 136.39 410.11 160.62
chair 0.502383 381.76 50.88 447.22 253.39
