chair 0.984329 4.91 262.85 278.79 384.67
chair 0.983679 2.83 270.02 143.20 383.61
chair 0.974029 3.59 305.59 22.72 336.43
chair 0.941469 88.63 266.96 276.97 354.73
chair 0.918874 225.00 286.50 382.92 379.85
chair 0.907304 17.11 242.78 62.05 303.58
chair 0.907304 1.51 264.18 62.42 350.32
chair 0.869678 58.63 242.55 447.45 379.33
chair 0.835329 89.55 257.04 140.03 352.92
chair 0.822157 195.13 233.89 215.79 285.56
chair 0.822157 203.86 233.31 221.94 268.11
chair 0.730720 234.32 274.48 287.31 306.04
chair 0.684958 97.23 236.93 202.38 289.90
chair 0.684958 95.97 238.56 187.30 254.36
chair 0.684958 115.20 240.84 189.65 244.55
chair 0.642538 2.78 341.29 79.47 375.70
chair 0.566806 315.42 285.18 386.08 342.33
chair 0.521429 425.64 200.42 457.85 220.17
chair 0.512036 222.82 220.41 399.67 251.47
