person 0.933152 184.36 164.97 197.52 201.64
person 0.933152 217.53 174.95 232.34 223.86
person 0.933152 198.11 180.99 208.80 196.88
person 0.903897 181.95 166.00 282.16 289.86
person 0.823893 153.49 144.04 206.36 203.74
person 0.823893 139.69 143.32 184.89 219.09
person 0.823893 172.42 177.76 186.06 221.39
person 0.823893 155.97 141.50 232.71 227.60
person 0.718930 195.15 165.48 247.65 226.52
person 0.691617 197.01 197.61 222.22 282.64
person 0.666417 112.16 155.20 178.55 258.68
person 0.615183 230.88 194.95 290.40 293.70
person 0.613567 99.45 161.48 175.07 210.87
