bicycle 0.988760 86.31 152.06 215.02 328.33
person 0.964439 343.39 170.66 359.74 308.16
person 0.964439 343.09 178.45 346.94 284.76
person 0.938664 334.41 126.17 423.82 281.20
person 0.929975 15.20 54.63 141.91 152.88
person 0.914702 348.35 84.94 475.74 274.87
person 0.893615 3.98 3.36 24.30 98.04
person 0.854485 10.10 9.43 79.51 161.09
person 0.854485 4.99 9.10 39.30 155.50
person 0.691253 45.95 37.00 199.33 220.07
person 0.686726 114.18 76.10 208.31 223.56
person 0.686726 111.37 73.23 176.67 178.86
person 0.665151 79.29 56.66 109.59 74.91
bicycle 0.652089 24.51 162.23 150.94 322.78
person 0.633561 18.54 3.71 34.49 47.05
person 0.540621 0.93 39.10 12.66 107.33
person 0.540621 0.22 51.27 2.92 104.50
person 0.534537 402.67 59.97 493.73 225.17
person 0.512839 172.03 37.74 238.15 210.63
bicycle 0.501207 126.21 267.83 138.77 305.58
