car 75.00 102.00 408.00 349.00
car 267.00 89.00 500.00 248.00
car 58.00 73.00 105.00 118.00
car 122.00 76.00 179.00 107.00
car 190.00 75.00 253.00 107.00
car 249.00 78.00 312.00 103.00
car 308.00 79.00 344.00 96.00
car 293.00 71.00 327.00 82.00
car 1.00 73.00 26.00 120.00
person 43.00 58.00 75.00 128.00
person 458.00 65.00 474.00 99.00
person 439.00 61.00 458.00 99.00
person 356.00 64.00 373.00 87.00
person 284.00 56.00 304.00 102.00
person 106.00 61.00 125.00 110.00
person 172.00 60.00 185.00 101.00
person 196.00 66.00 210.00 85.00
person 153.00 64.00 162.00 77.00
person 163.00 64.00 173.00 88.00
