sheep 269.00 262.00 312.00 311.00
sheep 222.00 252.00 247.00 297.00
sheep 168.00 258.00 198.00 291.00
sheep 150.00 243.00 173.00 267.00
sheep 4.00 255.00 33.00 274.00
sheep 355.00 234.00 380.00 248.00
sheep 143.00 245.00 160.00 255.00
sheep 107.00 240.00 124.00 253.00
sheep 38.00 246.00 61.00 261.00
sheep 15.00 248.00 31.00 262.00
sheep 325.00 227.00 339.00 238.00
sheep 386.00 225.00 400.00 237.00
sheep 414.00 228.00 431.00 242.00
sheep 447.00 227.00 463.00 238.00
sheep 472.00 223.00 486.00 237.00
