bottle 272.00 26.00 281.00 42.00
bottle 284.00 26.00 293.00 41.00
bottle 330.00 11.00 348.00 64.00
bottle 316.00 15.00 332.00 56.00
bottle 303.00 16.00 316.00 47.00
bottle 291.00 19.00 303.00 51.00
bottle 275.00 22.00 291.00 57.00
bottle 263.00 24.00 275.00 69.00
bottle 249.00 25.00 265.00 70.00
bottle 480.00 188.00 500.00 231.00
bottle 467.00 186.00 485.00 253.00
bottle 448.00 184.00 468.00 253.00
bottle 428.00 186.00 447.00 252.00
bottle 415.00 181.00 432.00 242.00
person 98.00 46.00 500.00 333.00
