bottle 24.00 176.00 61.00 274.00
bottle 94.00 150.00 128.00 262.00
bottle 132.00 150.00 167.00 244.00
bottle 171.00 153.00 199.00 234.00
bottle 199.00 151.00 231.00 228.00
bottle 235.00 157.00 259.00 240.00
bottle 261.00 153.00 286.00 260.00
bottle 288.00 155.00 316.00 263.00
bottle 316.00 157.00 346.00 266.00
bottle 349.00 158.00 375.00 266.00
bottle 376.00 163.00 410.00 269.00
bottle 209.00 241.00 279.00 374.00
bottle 270.00 262.00 336.00 375.00
person 12.00 35.00 121.00 192.00
person 134.00 22.00 181.00 120.00
person 289.00 64.00 374.00 172.00
person 173.00 96.00 263.00 199.00
person 297.00 114.00 375.00 204.00
person 373.00 68.00 427.00 174.00
person 332.00 61.00 389.00 161.00
person 163.00 44.00 277.00 168.00
person 435.00 74.00 493.00 153.00
person 415.00 79.00 449.00 142.00
person 470.00 84.00 500.00 148.00
person 121.00 72.00 178.00 142.00
person 1.00 1.00 36.00 149.00
