bottle 160.00 322.00 206.00 421.00
bottle 71.00 284.00 133.00 392.00
bottle 91.00 256.00 141.00 357.00
bottle 138.00 276.00 178.00 383.00
bottle 177.00 254.00 222.00 373.00
bottle 184.00 172.00 239.00 312.00
bottle 269.00 157.00 314.00 259.00
bottle 232.00 141.00 271.00 270.00
bottle 206.00 180.00 239.00 277.00
bottle 128.00 232.00 174.00 309.00
bottle 100.00 203.00 137.00 281.00
bottle 109.00 159.00 149.00 237.00
bottle 126.00 147.00 155.00 205.00
bottle 148.00 125.00 178.00 190.00
bottle 156.00 190.00 185.00 244.00
bottle 143.00 205.00 187.00 305.00
bottle 213.00 143.00 238.00 216.00
bottle 219.00 107.00 243.00 174.00
bottle 227.00 86.00 255.00 147.00
bottle 258.00 100.00 277.00 120.00
bottle 254.00 121.00 283.00 189.00
bottle 302.00 125.00 330.00 203.00
bottle 294.00 142.00 321.00 234.00
bottle 280.00 111.00 301.00 157.00
bottle 152.00 102.00 183.00 161.00
