bird 88.00 50.00 156.00 88.00
bird 149.00 90.00 217.00 129.00
bird 150.00 57.00 220.00 100.00
bird 151.00 323.00 228.00 363.00
bird 262.00 300.00 371.00 348.00
bird 372.00 285.00 454.00 323.00
bird 443.00 175.00 500.00 221.00
bird 266.00 174.00 362.00 217.00
bird 345.00 121.00 419.00 162.00
bird 358.00 5.00 434.00 42.00
bird 260.00 6.00 323.00 45.00
bird 301.00 25.00 364.00 54.00
bird 57.00 73.00 121.00 117.00
bird 75.00 289.00 181.00 342.00
bird 199.00 285.00 258.00 331.00
bird 323.00 275.00 409.00 314.00
bird 329.00 200.00 400.00 232.00
bird 158.00 246.00 274.00 304.00
bird 104.00 209.00 181.00 257.00
bird 81.00 142.00 149.00 204.00
bird 150.00 128.00 219.00 183.00
bird 370.00 91.00 453.00 138.00
bird 287.00 70.00 352.00 122.00
bird 183.00 38.00 234.00 74.00
bird 150.00 27.00 189.00 67.00
bird 202.00 202.00 298.00 253.00
bird 448.00 20.00 488.00 70.00
bird 387.00 41.00 460.00 91.00
bird 337.00 47.00 400.00 76.00
bird 354.00 53.00 405.00 108.00
bird 226.00 110.00 298.00 166.00
bird 224.00 102.00 299.00 139.00
bird 305.00 105.00 356.00 152.00
bird 296.00 148.00 364.00 183.00
bird 344.00 159.00 411.00 201.00
bird 453.00 135.00 500.00 181.00
bird 426.00 3.00 474.00 31.00
bird 397.00 76.00 468.00 114.00
bird 251.00 49.00 298.00 96.00
bird 273.00 27.00 321.00 74.00
bird 203.00 77.00 247.00 120.00
bird 433.00 102.00 497.00 127.00
