sheep 295.00 171.00 450.00 289.00
sheep 238.00 148.00 387.00 186.00
sheep 270.00 141.00 422.00 178.00
sheep 74.00 132.00 228.00 274.00
sheep 1.00 108.00 69.00 204.00
sheep 104.00 107.00 198.00 131.00
sheep 232.00 110.00 294.00 140.00
sheep 205.00 100.00 334.00 137.00
sheep 189.00 174.00 308.00 298.00
sheep 435.00 112.00 493.00 145.00
sheep 8.00 127.00 139.00 236.00
sheep 454.00 123.00 500.00 203.00
sheep 477.00 89.00 499.00 121.00
sheep 369.00 105.00 419.00 141.00
sheep 374.00 118.00 436.00 145.00
sheep 412.00 138.00 469.00 252.00
sheep 302.00 110.00 371.00 149.00
sheep 124.00 125.00 149.00 154.00
sheep 65.00 113.00 117.00 138.00
