bird 451.00 149.00 476.00 172.00
bird 314.00 184.00 354.00 209.00
bird 363.00 132.00 384.00 151.00
bird 203.00 175.00 242.00 205.00
bird 156.00 196.00 192.00 220.00
bird 33.00 183.00 55.00 210.00
bird 69.00 176.00 91.00 197.00
bird 82.00 175.00 105.00 196.00
bird 50.00 246.00 82.00 260.00
bird 86.00 233.00 106.00 253.00
bird 118.00 184.00 148.00 205.00
bird 149.00 170.00 168.00 193.00
bird 133.00 160.00 166.00 177.00
bird 137.00 139.00 169.00 163.00
bird 171.00 148.00 208.00 161.00
bird 132.00 226.00 164.00 243.00
bird 99.00 222.00 131.00 236.00
bird 111.00 231.00 137.00 245.00
person 161.00 216.00 202.00 325.00
person 213.00 235.00 261.00 322.00
person 237.00 220.00 263.00 258.00
person 248.00 241.00 298.00 322.00
person 245.00 252.00 273.00 287.00
