person 80.00 88.00 405.00 375.00
person 436.00 147.00 475.00 209.00
person 381.00 145.00 428.00 191.00
diningtable 402.00 219.00 500.00 375.00
diningtable 347.00 177.00 405.00 216.00
diningtable 160.00 167.00 203.00 188.00
diningtable 104.00 185.00 209.00 279.00
diningtable 1.00 322.00 82.00 375.00
diningtable 2.00 169.00 53.00 225.00
chair 408.00 241.00 500.00 375.00
chair 49.00 178.00 135.00 279.00
chair 135.00 164.00 167.00 188.00
chair 150.00 184.00 233.00 290.00
chair 19.00 167.00 65.00 231.00
chair 56.00 163.00 95.00 209.00
chair 97.00 177.00 152.00 203.00
chair 184.00 166.00 231.00 194.00
chair 196.00 181.00 240.00 208.00
chair 400.00 178.00 454.00 232.00
chair 1.00 169.00 32.00 174.00
