person 431.00 172.00 457.00 229.00
person 414.00 172.00 433.00 228.00
person 394.00 175.00 415.00 227.00
person 369.00 81.00 389.00 105.00
person 247.00 83.00 264.00 136.00
person 259.00 81.00 274.00 135.00
person 181.00 84.00 194.00 135.00
person 171.00 87.00 183.00 104.00
person 136.00 84.00 154.00 134.00
person 122.00 89.00 137.00 137.00
person 104.00 86.00 129.00 134.00
person 88.00 84.00 107.00 137.00
person 34.00 87.00 48.00 104.00
person 12.00 76.00 30.00 104.00
person 337.00 90.00 348.00 102.00
boat 1.00 1.00 500.00 372.00
