person 1.00 132.00 46.00 292.00
person 58.00 101.00 127.00 180.00
person 111.00 131.00 156.00 184.00
person 192.00 111.00 241.00 276.00
person 213.00 160.00 289.00 314.00
person 102.00 215.00 172.00 368.00
person 1.00 298.00 46.00 375.00
person 43.00 293.00 104.00 375.00
person 110.00 303.00 154.00 375.00
person 158.00 287.00 220.00 375.00
person 143.00 342.00 198.00 375.00
horse 1.00 171.00 290.00 295.00
person 472.00 150.00 500.00 279.00
person 458.00 106.00 500.00 255.00
person 377.00 83.00 450.00 238.00
horse 316.00 28.00 411.00 222.00
