car 22.00 71.00 472.00 326.00
car 380.00 39.00 443.00 64.00
car 291.00 37.00 384.00 65.00
car 281.00 65.00 500.00 193.00
car 215.00 40.00 304.00 74.00
car 65.00 46.00 193.00 104.00
car 1.00 54.00 66.00 135.00
car 1.00 33.00 58.00 71.00
car 54.00 34.00 111.00 68.00
car 121.00 32.00 183.00 51.00
car 264.00 30.00 309.00 54.00
car 1.00 244.00 40.00 375.00
person 454.00 13.00 500.00 104.00
person 433.00 24.00 446.00 48.00
person 416.00 22.00 432.00 41.00
person 378.00 20.00 400.00 46.00
person 359.00 19.00 379.00 48.00
person 350.00 21.00 354.00 34.00
person 335.00 17.00 351.00 39.00
person 284.00 20.00 295.00 32.00
person 247.00 18.00 257.00 31.00
person 263.00 18.00 277.00 30.00
person 181.00 14.00 222.00 66.00
