bicycle 115.00 82.00 178.00 209.00
bicycle 163.00 124.00 234.00 261.00
bicycle 260.00 143.00 337.00 266.00
bicycle 337.00 75.00 393.00 185.00
bicycle 217.00 100.00 278.00 202.00
bicycle 394.00 47.00 431.00 130.00
person 334.00 15.00 422.00 165.00
person 401.00 1.00 461.00 119.00
person 256.00 75.00 354.00 241.00
person 165.00 50.00 256.00 243.00
person 238.00 22.00 295.00 173.00
person 281.00 7.00 333.00 96.00
person 179.00 1.00 255.00 50.00
person 127.00 23.00 220.00 144.00
person 242.00 1.00 317.00 23.00
