motorbike 346.00 98.00 401.00 203.00
motorbike 390.00 112.00 430.00 184.00
motorbike 278.00 103.00 362.00 276.00
motorbike 410.00 131.00 485.00 241.00
motorbike 84.00 149.00 181.00 332.00
motorbike 161.00 215.00 270.00 374.00
motorbike 29.00 93.00 77.00 153.00
person 253.00 66.00 307.00 124.00
person 218.00 64.00 261.00 125.00
person 150.00 78.00 199.00 128.00
person 144.00 75.00 176.00 115.00
person 431.00 64.00 481.00 244.00
person 461.00 64.00 500.00 318.00
person 33.00 92.00 125.00 312.00
person 132.00 78.00 308.00 368.00
