chair 393.00 238.00 472.00 375.00
chair 295.00 219.00 368.00 340.00
chair 149.00 214.00 230.00 340.00
chair 151.00 205.00 208.00 324.00
chair 71.00 340.00 136.00 375.00
chair 16.00 241.00 107.00 352.00
chair 238.00 179.00 266.00 262.00
chair 266.00 177.00 292.00 254.00
diningtable 78.00 181.00 197.00 344.00
diningtable 358.00 190.00 444.00 256.00
person 182.00 157.00 235.00 235.00
person 213.00 143.00 251.00 209.00
person 170.00 143.00 208.00 186.00
person 120.00 145.00 170.00 200.00
person 88.00 138.00 133.00 204.00
person 62.00 156.00 107.00 177.00
person 72.00 181.00 106.00 237.00
person 48.00 161.00 67.00 194.00
person 5.00 142.00 129.00 350.00
person 291.00 147.00 320.00 198.00
person 294.00 152.00 348.00 211.00
person 314.00 169.00 393.00 326.00
person 470.00 170.00 500.00 316.00
person 355.00 156.00 479.00 363.00
