diningtable 294.00 147.00 436.00 201.00
diningtable 302.00 133.00 363.00 151.00
diningtable 146.00 140.00 244.00 175.00
diningtable 122.00 125.00 174.00 146.00
diningtable 14.00 133.00 113.00 179.00
diningtable 82.00 186.00 349.00 331.00
chair 452.00 149.00 489.00 195.00
chair 381.00 173.00 442.00 250.00
chair 332.00 194.00 386.00 300.00
chair 279.00 158.00 338.00 209.00
chair 387.00 136.00 408.00 156.00
chair 268.00 127.00 295.00 166.00
chair 246.00 138.00 256.00 151.00
chair 216.00 151.00 257.00 182.00
chair 181.00 128.00 203.00 140.00
chair 114.00 146.00 146.00 181.00
chair 43.00 145.00 92.00 182.00
chair 1.00 166.00 38.00 209.00
chair 4.00 200.00 104.00 323.00
chair 150.00 284.00 311.00 332.00
