diningtable 171.00 125.00 500.00 333.00
chair 392.00 223.00 500.00 333.00
chair 17.00 218.00 144.00 333.00
person 31.00 110.00 184.00 333.00
person 87.00 110.00 181.00 257.00
person 137.00 103.00 194.00 224.00
person 174.00 91.00 238.00 190.00
person 206.00 102.00 245.00 154.00
person 131.00 39.00 173.00 127.00
person 256.00 84.00 311.00 129.00
person 335.00 87.00 369.00 104.00
person 377.00 85.00 408.00 108.00
person 455.00 97.00 489.00 137.00
person 301.00 127.00 465.00 332.00
person 335.00 103.00 445.00 197.00
person 328.00 95.00 382.00 179.00
person 329.00 100.00 357.00 153.00
