bicycle 362.00 217.00 393.00 231.00
bicycle 340.00 205.00 366.00 218.00
bicycle 323.00 212.00 351.00 230.00
bicycle 289.00 203.00 310.00 219.00
bicycle 274.00 213.00 298.00 229.00
bicycle 258.00 215.00 268.00 226.00
bicycle 236.00 214.00 259.00 230.00
bicycle 209.00 212.00 230.00 230.00
bicycle 183.00 213.00 201.00 228.00
bicycle 157.00 216.00 174.00 227.00
bicycle 134.00 213.00 151.00 227.00
bicycle 118.00 213.00 133.00 227.00
bicycle 101.00 210.00 114.00 225.00
bicycle 86.00 216.00 100.00 225.00
person 367.00 199.00 386.00 224.00
person 340.00 190.00 358.00 213.00
person 327.00 199.00 343.00 223.00
person 291.00 190.00 305.00 212.00
person 274.00 199.00 291.00 220.00
person 250.00 199.00 261.00 213.00
person 238.00 201.00 254.00 224.00
person 210.00 200.00 225.00 221.00
person 183.00 203.00 197.00 220.00
person 159.00 206.00 170.00 220.00
person 135.00 202.00 148.00 218.00
person 119.00 206.00 129.00 219.00
person 103.00 205.00 112.00 219.00
person 87.00 202.00 97.00 216.00
