person 196.00 130.00 217.00 156.00
person 159.00 114.00 183.00 161.00
person 13.00 150.00 30.00 175.00
person 3.00 161.00 26.00 190.00
person 2.00 167.00 26.00 203.00
person 1.00 194.00 29.00 238.00
person 36.00 155.00 51.00 190.00
person 44.00 159.00 71.00 214.00
person 65.00 165.00 107.00 216.00
chair 101.00 206.00 132.00 253.00
chair 137.00 239.00 171.00 276.00
chair 45.00 208.00 91.00 275.00
person 135.00 154.00 168.00 232.00
person 204.00 184.00 232.00 275.00
person 233.00 176.00 281.00 275.00
person 211.00 147.00 238.00 214.00
person 248.00 139.00 264.00 195.00
person 270.00 142.00 283.00 199.00
person 284.00 137.00 303.00 198.00
person 279.00 147.00 302.00 204.00
person 305.00 147.00 327.00 199.00
person 330.00 137.00 344.00 197.00
person 341.00 147.00 358.00 200.00
person 350.00 157.00 370.00 246.00
person 389.00 151.00 415.00 225.00
person 377.00 141.00 390.00 207.00
person 415.00 158.00 432.00 260.00
person 421.00 141.00 438.00 183.00
person 444.00 139.00 461.00 166.00
person 472.00 156.00 496.00 185.00
car 49.00 135.00 242.00 208.00
person 446.00 163.00 465.00 182.00
person 482.00 185.00 500.00 275.00
person 429.00 187.00 486.00 275.00
person 332.00 244.00 377.00 276.00
