pottedplant 31.00 91.00 60.00 122.00
pottedplant 61.00 92.00 87.00 123.00
pottedplant 89.00 92.00 121.00 123.00
pottedplant 75.00 28.00 115.00 93.00
pottedplant 122.00 73.00 146.00 91.00
pottedplant 120.00 91.00 150.00 122.00
pottedplant 150.00 91.00 178.00 122.00
pottedplant 178.00 87.00 208.00 107.00
pottedplant 206.00 85.00 233.00 109.00
pottedplant 232.00 83.00 261.00 108.00
pottedplant 259.00 69.00 287.00 103.00
pottedplant 288.00 58.00 320.00 104.00
pottedplant 315.00 59.00 347.00 95.00
pottedplant 342.00 50.00 376.00 87.00
pottedplant 368.00 43.00 394.00 81.00
pottedplant 391.00 37.00 415.00 72.00
pottedplant 412.00 19.00 434.00 65.00
pottedplant 335.00 115.00 358.00 129.00
pottedplant 351.00 126.00 376.00 155.00
pottedplant 310.00 108.00 340.00 135.00
pottedplant 287.00 116.00 316.00 143.00
pottedplant 263.00 97.00 298.00 120.00
pottedplant 224.00 103.00 258.00 140.00
pottedplant 169.00 98.00 222.00 141.00
pottedplant 127.00 120.00 171.00 148.00
pottedplant 70.00 119.00 125.00 160.00
pottedplant 327.00 129.00 355.00 156.00
pottedplant 323.00 150.00 354.00 186.00
pottedplant 292.00 158.00 323.00 190.00
pottedplant 269.00 140.00 295.00 178.00
pottedplant 227.00 139.00 266.00 184.00
pottedplant 196.00 140.00 218.00 153.00
pottedplant 173.00 138.00 195.00 155.00
pottedplant 211.00 151.00 229.00 176.00
pottedplant 176.00 152.00 214.00 188.00
pottedplant 145.00 147.00 176.00 188.00
pottedplant 70.00 153.00 149.00 213.00
