chair 428.00 248.00 450.00 298.00
chair 329.00 274.00 366.00 326.00
chair 226.00 304.00 267.00 370.00
chair 344.00 251.00 378.00 296.00
chair 93.00 331.00 146.00 373.00
chair 384.00 266.00 415.00 308.00
chair 288.00 294.00 326.00 347.00
diningtable 365.00 246.00 411.00 292.00
diningtable 147.00 313.00 222.00 371.00
person 255.00 241.00 285.00 334.00
person 95.00 302.00 167.00 375.00
person 205.00 298.00 235.00 372.00
person 185.00 273.00 217.00 319.00
person 287.00 273.00 339.00 345.00
person 384.00 242.00 415.00 296.00
person 477.00 195.00 500.00 273.00
person 400.00 227.00 436.00 297.00
boat 266.00 85.00 323.00 101.00
