bicycle 235.00 161.00 286.00 254.00
bicycle 439.00 162.00 485.00 261.00
bicycle 281.00 159.00 324.00 238.00
bicycle 324.00 144.00 349.00 220.00
bicycle 172.00 176.00 224.00 277.00
bicycle 83.00 127.00 117.00 178.00
person 430.00 93.00 482.00 241.00
person 232.00 95.00 280.00 224.00
person 279.00 100.00 321.00 212.00
person 83.00 91.00 115.00 168.00
person 304.00 88.00 338.00 152.00
person 347.00 85.00 378.00 198.00
person 376.00 81.00 396.00 191.00
person 455.00 74.00 483.00 138.00
person 330.00 82.00 359.00 187.00
person 36.00 88.00 80.00 245.00
person 132.00 82.00 154.00 157.00
person 11.00 80.00 47.00 227.00
person 242.00 81.00 251.00 100.00
person 227.00 73.00 238.00 91.00
person 213.00 77.00 233.00 116.00
person 199.00 87.00 211.00 100.00
person 154.00 82.00 171.00 160.00
person 109.00 84.00 135.00 157.00
person 96.00 78.00 111.00 102.00
person 1.00 97.00 17.00 137.00
