pottedplant 229.00 62.00 280.00 89.00
pottedplant 157.00 88.00 204.00 114.00
pottedplant 210.00 116.00 256.00 150.00
pottedplant 125.00 103.00 184.00 167.00
pottedplant 163.00 130.00 214.00 197.00
pottedplant 203.00 143.00 293.00 262.00
pottedplant 277.00 88.00 369.00 235.00
pottedplant 355.00 151.00 463.00 316.00
pottedplant 19.00 170.00 102.00 302.00
pottedplant 1.00 225.00 26.00 345.00
pottedplant 1.00 117.00 68.00 180.00
pottedplant 1.00 154.00 64.00 209.00
pottedplant 65.00 100.00 87.00 150.00
pottedplant 47.00 117.00 72.00 157.00
pottedplant 33.00 94.00 56.00 134.00
pottedplant 26.00 29.00 62.00 90.00
pottedplant 2.00 28.00 30.00 86.00
pottedplant 459.00 178.00 500.00 302.00
pottedplant 454.00 78.00 495.00 145.00
pottedplant 450.00 142.00 500.00 199.00
