bicycle 153.00 181.00 368.00 325.00
person 198.00 68.00 324.00 302.00
person 24.00 72.00 68.00 172.00
person 6.00 52.00 89.00 171.00
person 64.00 97.00 118.00 169.00
person 79.00 51.00 125.00 123.00
person 108.00 79.00 139.00 159.00
person 128.00 51.00 178.00 146.00
person 121.00 138.00 158.00 167.00
person 171.00 105.00 216.00 164.00
person 257.00 60.00 295.00 107.00
person 320.00 96.00 388.00 162.00
person 386.00 49.00 436.00 160.00
person 438.00 75.00 486.00 156.00
person 436.00 40.00 494.00 155.00
