bicycle 114.00 172.00 358.00 311.00
bicycle 353.00 88.00 500.00 203.00
bicycle 97.00 32.00 244.00 170.00
bicycle 297.00 12.00 489.00 173.00
bicycle 84.00 1.00 155.00 105.00
person 238.00 2.00 286.00 93.00
person 107.00 1.00 196.00 163.00
person 169.00 91.00 320.00 247.00
person 27.00 119.00 118.00 319.00
person 10.00 270.00 93.00 326.00
person 192.00 267.00 254.00 312.00
person 29.00 81.00 116.00 297.00
person 354.00 2.00 472.00 226.00
person 355.00 1.00 409.00 175.00
person 1.00 1.00 88.00 162.00
