motorbike 175.00 223.00 231.00 322.00
motorbike 118.00 227.00 180.00 296.00
person 24.00 211.00 46.00 273.00
person 47.00 207.00 75.00 284.00
person 73.00 209.00 100.00 284.00
person 82.00 199.00 100.00 273.00
person 94.00 192.00 115.00 282.00
person 118.00 188.00 176.00 298.00
person 176.00 178.00 238.00 317.00
person 246.00 204.00 274.00 311.00
person 286.00 206.00 308.00 305.00
person 304.00 204.00 327.00 305.00
dog 309.00 273.00 358.00 311.00
person 330.00 217.00 356.00 287.00
person 362.00 218.00 392.00 305.00
person 394.00 220.00 414.00 308.00
person 414.00 198.00 445.00 307.00
person 344.00 201.00 366.00 304.00
person 238.00 199.00 255.00 249.00
