bottle 245.00 176.00 259.00 232.00
bottle 270.00 190.00 284.00 239.00
bottle 288.00 171.00 302.00 226.00
bottle 298.00 186.00 310.00 218.00
bottle 261.00 207.00 281.00 285.00
bottle 203.00 209.00 214.00 239.00
bottle 199.00 229.00 214.00 264.00
bottle 174.00 268.00 195.00 328.00
person 231.00 133.00 317.00 208.00
person 153.00 146.00 196.00 231.00
person 108.00 144.00 159.00 266.00
person 69.00 163.00 121.00 288.00
person 3.00 155.00 107.00 330.00
person 341.00 129.00 394.00 236.00
person 422.00 131.00 462.00 173.00
person 338.00 132.00 458.00 308.00
person 355.00 158.00 500.00 345.00
diningtable 86.00 208.00 385.00 354.00
bottle 309.00 254.00 329.00 315.00
pottedplant 230.00 44.00 291.00 115.00
