car 87.00 79.00 422.00 283.00
car 1.00 102.00 157.00 181.00
car 472.00 109.00 500.00 158.00
person 2.00 82.00 63.00 196.00
person 455.00 96.00 485.00 174.00
car 1.00 181.00 173.00 333.00
person 465.00 125.00 500.00 333.00
person 468.00 36.00 481.00 63.00
person 390.00 39.00 405.00 62.00
person 373.00 33.00 388.00 61.00
person 358.00 38.00 373.00 57.00
person 334.00 36.00 344.00 54.00
person 263.00 33.00 276.00 52.00
person 277.00 38.00 288.00 51.00
person 294.00 40.00 301.00 54.00
person 309.00 40.00 318.00 56.00
person 447.00 40.00 459.00 61.00
