bottle 238.00 138.00 259.00 217.00
bottle 260.00 155.00 285.00 239.00
bottle 291.00 133.00 314.00 209.00
bottle 284.00 101.00 304.00 155.00
bottle 221.00 304.00 259.00 375.00
bottle 246.00 280.00 278.00 375.00
person 1.00 100.00 180.00 375.00
person 43.00 50.00 206.00 254.00
person 159.00 57.00 236.00 198.00
person 391.00 95.00 500.00 375.00
person 362.00 72.00 500.00 269.00
person 332.00 71.00 399.00 212.00
person 312.00 40.00 355.00 139.00
person 261.00 36.00 317.00 105.00
person 1.00 56.00 52.00 195.00
diningtable 145.00 96.00 436.00 375.00
