sofa 107.00 72.00 401.00 248.00
sofa 1.00 113.00 180.00 331.00
diningtable 280.00 119.00 366.00 226.00
diningtable 305.00 275.00 500.00 331.00
diningtable 386.00 199.00 500.00 276.00
diningtable 447.00 179.00 500.00 203.00
diningtable 1.00 170.00 93.00 262.00
person 63.00 89.00 159.00 322.00
chair 249.00 229.00 337.00 331.00
chair 341.00 178.00 408.00 308.00
chair 443.00 133.00 498.00 190.00
chair 485.00 93.00 500.00 141.00
chair 357.00 40.00 381.00 72.00
chair 316.00 31.00 338.00 63.00
chair 421.00 42.00 446.00 62.00
chair 362.00 35.00 385.00 60.00
