bottle 151.00 25.00 181.00 124.00
bottle 185.00 2.00 225.00 128.00
bottle 227.00 2.00 266.00 127.00
bottle 268.00 1.00 309.00 128.00
bottle 312.00 2.00 352.00 126.00
bottle 353.00 1.00 394.00 127.00
bottle 396.00 2.00 436.00 128.00
bottle 438.00 1.00 472.00 126.00
bottle 473.00 1.00 500.00 125.00
bottle 4.00 180.00 72.00 372.00
bottle 62.00 181.00 129.00 368.00
bottle 93.00 160.00 132.00 266.00
bottle 123.00 170.00 184.00 361.00
bottle 156.00 160.00 192.00 223.00
bottle 183.00 174.00 241.00 367.00
bottle 217.00 159.00 238.00 195.00
bottle 236.00 169.00 262.00 241.00
bottle 278.00 153.00 298.00 201.00
bottle 281.00 167.00 316.00 237.00
bottle 340.00 167.00 374.00 241.00
bottle 337.00 149.00 379.00 225.00
bottle 397.00 148.00 433.00 238.00
bottle 456.00 147.00 500.00 225.00
bottle 236.00 178.00 295.00 365.00
bottle 295.00 177.00 350.00 365.00
bottle 352.00 180.00 412.00 364.00
bottle 411.00 163.00 471.00 365.00
bottle 468.00 181.00 500.00 365.00
