car 166.00 222.00 429.00 319.00
car 97.00 188.00 321.00 259.00
car 309.00 165.00 442.00 223.00
car 206.00 144.00 298.00 183.00
car 142.00 143.00 227.00 185.00
car 79.00 146.00 168.00 185.00
car 10.00 150.00 77.00 179.00
car 320.00 142.00 411.00 170.00
car 408.00 133.00 493.00 184.00
person 122.00 127.00 139.00 147.00
person 137.00 131.00 153.00 148.00
person 112.00 131.00 125.00 157.00
person 377.00 131.00 396.00 172.00
person 410.00 131.00 434.00 181.00
person 434.00 127.00 456.00 191.00
person 460.00 138.00 489.00 188.00
