car 147.00 170.00 184.00 195.00
car 113.00 170.00 150.00 203.00
person 342.00 184.00 358.00 221.00
person 108.00 180.00 132.00 200.00
person 142.00 177.00 164.00 228.00
motorbike 143.00 196.00 165.00 228.00
person 196.00 183.00 217.00 228.00
motorbike 22.00 226.00 84.00 300.00
motorbike 98.00 234.00 155.00 309.00
motorbike 166.00 249.00 225.00 341.00
motorbike 244.00 271.00 320.00 372.00
motorbike 216.00 208.00 262.00 266.00
motorbike 79.00 213.00 117.00 273.00
person 256.00 230.00 314.00 344.00
person 177.00 221.00 220.00 314.00
person 104.00 204.00 153.00 284.00
person 36.00 196.00 83.00 280.00
person 83.00 191.00 115.00 256.00
car 372.00 196.00 500.00 324.00
motorbike 286.00 204.00 320.00 238.00
motorbike 322.00 216.00 333.00 234.00
person 290.00 188.00 314.00 234.00
person 316.00 188.00 330.00 217.00
person 6.00 176.00 25.00 225.00
person 26.00 183.00 48.00 209.00
person 65.00 175.00 83.00 197.00
person 77.00 174.00 90.00 191.00
motorbike 68.00 191.00 86.00 223.00
motorbike 23.00 206.00 49.00 245.00
bus 61.00 141.00 79.00 158.00
person 386.00 191.00 401.00 230.00
person 373.00 195.00 390.00 233.00
person 401.00 202.00 424.00 223.00
person 222.00 190.00 254.00 250.00
