person 0.933585 338.95 109.72 363.24 147.29
person 0.881549 392.40 120.05 422.39 233.16
person 0.841940 203.57 107.43 263.25 197.05
bicycle 0.816673 236.79 184.96 354.53 296.07
person 0.763989 13.01 94.25 55.56 142.85
person 0.763989 36.98 94.25 63.08 142.85
person 0.763989 18.22 82.09 77.79 151.25
person 0.680887 64.58 117.47 91.49 151.33
person 0.668989 68.31 62.51 173.66 275.49
bicycle 0.623660 138.36 171.33 272.51 291.61
person 0.597504 438.76 117.41 493.95 227.38
person 0.597504 440.41 138.06 467.52 223.75
person 0.565349 430.97 127.71 448.27 141.98
person 0.565349 419.89 109.12 442.61 151.93
bicycle 0.546235 216.35 184.90 262.28 258.31
bicycle 0.546235 234.57 183.98 303.91 264.39
person 0.513137 366.88 92.59 445.11 163.24
person 0.513137 364.94 115.18 404.06 148.30
person 0.513137 393.73 93.37 428.62 159.60
