bus 0.991232 379.00 150.74 507.51 303.27
bus 0.932826 390.45 180.10 503.57 257.95
bus 0.914120 386.13 84.28 494.44 268.78
bus 0.889277 365.18 112.01 484.68 366.47
bus 0.825010 20.95 196.29 185.01 270.20
bus 0.793400 385.08 193.24 456.47 287.85
bus 0.793400 381.74 208.88 406.16 285.82
car 0.786789 214.81 245.86 245.20 271.04
car 0.716629 248.09 226.12 268.77 276.78
car 0.716629 251.60 226.12 290.00 276.78
car 0.697074 215.20 240.11 230.94 252.37
car 0.677080 264.23 241.60 278.84 270.44
car 0.672098 285.16 225.87 311.52 259.17
car 0.672098 258.49 234.17 291.63 258.51
bus 0.570399 347.13 122.12 396.23 366.82
