car 0.992556 366.23 400.18 430.10 422.37
car 0.984120 91.34 400.77 384.37 494.03
car 0.971348 319.01 406.68 427.11 456.99
car 0.958868 112.27 390.95 282.56 465.80
car 0.955903 117.76 393.37 221.99 437.72
car 0.932973 280.63 393.75 421.65 494.42
car 0.893327 52.06 458.84 419.87 499.82
car 0.883285 171.88 390.78 224.80 429.24
car 0.708217 107.72 460.76 227.04 496.06
car 0.689913 103.01 433.03 227.02 479.15
car 0.689913 45.63 404.99 225.77 500.52
car 0.689913 105.23 432.50 263.64 503.87
car 0.562441 184.88 458.30 264.69 493.27
car 0.537900 99.09 327.88 370.45 486.36
car 0.537501 362.12 390.19 431.26 399.74
