horse 0.985901 27.95 112.03 242.05 247.93
horse 0.968870 12.44 96.24 142.06 252.19
horse 0.942108 6.84 96.19 66.18 238.77
horse 0.941627 106.94 119.97 181.78 230.90
horse 0.921235 67.22 101.94 380.46 243.82
horse 0.910617 145.73 124.21 251.45 245.04
horse 0.753864 301.04 94.98 422.23 245.91
person 0.746674 124.95 80.84 239.99 185.35
person 0.689264 172.63 99.31 184.49 128.96
person 0.689264 175.25 105.31 198.98 134.96
person 0.689264 173.45 78.24 200.83 141.77
person 0.648158 130.44 62.48 151.08 80.49
horse 0.641183 338.74 133.65 402.25 237.78
horse 0.633451 376.87 94.37 409.01 226.98
