car 0.997572 397.75 266.61 494.14 371.10
car 0.986727 177.91 277.36 413.33 369.32
car 0.979954 436.15 300.11 457.79 317.10
car 0.963002 82.88 219.60 442.03 384.38
car 0.926453 398.93 215.57 487.02 320.13
car 0.920147 187.35 300.83 357.76 355.26
car 0.918141 164.34 273.81 270.96 377.24
car 0.918141 164.25 274.86 263.62 328.36
car 0.917955 371.94 293.73 425.92 325.14
car 0.909144 27.39 305.07 47.09 330.07
car 0.909144 1.35 277.94 69.84 333.38
car 0.850359 7.31 208.25 80.66 337.17
car 0.758668 229.89 254.67 318.48 316.22
car 0.678738 23.96 258.50 62.84 294.75
