sheep 0.966473 151.30 212.09 273.68 311.16
person 0.846736 399.00 108.77 428.94 133.26
person 0.846736 380.73 87.52 399.06 109.78
person 0.846736 389.14 105.26 397.70 116.39
person 0.846736 389.94 90.41 433.32 138.28
bicycle 0.710729 57.48 174.26 68.49 189.28
bicycle 0.710729 46.94 157.92 90.96 201.82
bicycle 0.664203 13.20 158.94 45.08 204.28
bicycle 0.664203 5.79 135.87 63.52 211.83
person 0.624455 21.15 120.91 36.72 151.59
person 0.553400 0.81 113.21 5.53 147.11
person 0.536903 97.40 111.72 121.75 152.37
person 0.536903 81.16 113.63 139.59 167.47
sheep 0.535171 158.96 137.27 302.36 303.30
