chair 0.991450 341.21 234.33 472.01 368.24
chair 0.988838 283.53 172.69 468.94 383.51
chair 0.988408 74.97 228.98 293.48 370.59
chair 0.983667 342.44 236.29 441.18 312.43
chair 0.972071 244.32 205.77 359.74 301.40
chair 0.947885 73.30 174.55 175.79 305.60
chair 0.916019 120.33 213.40 126.81 265.28
chair 0.913964 64.53 197.61 110.92 259.16
chair 0.874399 10.78 218.71 141.37 368.86
chair 0.873131 165.82 180.36 181.60 267.01
chair 0.848434 421.01 223.69 479.62 313.08
chair 0.811809 101.07 163.37 410.86 359.76
