bus 0.949547 265.27 0.00 438.30 67.00
person 0.902008 423.18 0.00 490.55 103.41
person 0.873110 355.77 44.24 482.84 125.20
person 0.873110 373.84 14.98 465.36 87.56
person 0.851366 460.76 78.48 474.76 89.81
person 0.826422 422.27 26.65 472.73 74.94
bus 0.812254 170.89 1.49 312.91 71.49
bus 0.782288 121.27 13.13 409.29 93.51
bus 0.709143 313.46 35.15 420.44 77.34
person 0.689673 149.21 34.99 156.53 52.35
bus 0.674398 374.09 47.40 410.90 64.35
bus 0.674398 343.48 41.35 393.51 45.59
bus 0.608148 77.56 43.98 449.96 189.54
bus 0.581255 171.94 1.47 256.81 39.64
