sheep 0.936742 125.83 100.71 420.05 377.63
sheep 0.913824 242.76 150.99 483.10 379.74
sheep 0.908879 302.98 166.75 440.97 309.60
sheep 0.901428 236.97 143.71 356.90 315.78
sheep 0.898566 81.23 173.30 178.99 263.66
sheep 0.894962 0.00 1.03 143.99 260.71
sheep 0.888514 172.00 85.20 250.52 228.64
sheep 0.875953 170.90 79.74 251.33 151.28
sheep 0.819643 136.12 40.32 472.25 254.25
sheep 0.799990 197.37 99.54 230.68 152.24
sheep 0.679200 268.34 133.09 429.11 202.33
sheep 0.607145 34.48 42.51 160.03 355.34
sheep 0.607065 163.78 87.36 201.71 166.99
sheep 0.550403 176.35 85.32 218.68 136.59
sheep 0.544959 163.93 80.13 188.31 116.27
sheep 0.507087 195.57 78.51 237.27 119.21
