person 0.915308 8.50 65.72 114.72 257.58
person 0.872418 84.34 30.90 222.27 215.11
person 0.819307 124.27 29.23 165.17 108.16
bottle 0.727267 332.36 229.05 486.48 364.27
person 0.682738 192.19 80.84 306.14 187.95
bottle 0.677169 325.14 208.06 371.61 249.96
person 0.663847 21.33 42.24 213.65 271.05
person 0.584910 1.63 35.31 34.63 119.88
person 0.583115 193.54 42.90 227.37 85.81
bottle 0.576551 28.98 160.44 56.29 269.66
bottle 0.543412 268.61 249.00 333.44 382.65
bottle 0.507098 239.03 203.93 282.07 243.02
bottle 0.507098 219.06 201.95 251.77 229.42
