train 0.997749 55.81 51.21 472.81 316.94
train 0.887289 127.28 199.95 500.48 287.56
pottedplant 0.829613 67.12 135.19 86.95 261.29
pottedplant 0.829613 69.67 135.19 105.72 261.29
train 0.810200 183.40 70.01 464.03 261.91
pottedplant 0.741929 80.59 195.10 85.17 229.17
pottedplant 0.741929 83.70 156.19 104.79 249.09
train 0.723556 13.82 55.66 194.70 256.43
train 0.689913 138.75 36.34 300.89 216.67
train 0.590200 9.10 127.86 241.75 326.57
pottedplant 0.576544 38.00 156.70 69.15 230.24
train 0.564412 300.86 162.24 484.11 261.48
