car 0.953719 326.56 136.28 452.38 194.08
car 0.953719 327.28 139.88 390.19 170.71
bus 0.913769 20.16 11.72 294.35 215.19
car 0.900595 359.34 159.21 423.34 191.78
car 0.900595 395.86 138.61 456.53 184.96
car 0.834436 315.69 140.44 385.24 189.90
bird 0.827719 4.28 227.07 87.66 323.07
car 0.789852 342.39 102.61 443.16 174.96
bird 0.785572 23.44 255.22 48.36 300.82
car 0.764332 238.62 133.92 341.29 197.72
bus 0.652424 122.09 94.73 267.02 175.59
car 0.621035 253.79 82.30 428.25 195.23
person 0.576642 302.81 116.38 311.85 144.58
car 0.546797 298.32 120.25 317.70 188.92
car 0.541294 426.66 121.79 448.60 150.81
