bicycle 0.989174 124.48 203.16 423.19 316.90
bicycle 0.972061 214.58 189.62 352.74 300.47
person 0.898687 185.43 84.70 378.52 331.19
person 0.889618 237.58 81.15 330.78 309.39
person 0.889406 51.14 81.37 210.59 183.37
person 0.886831 41.62 80.60 108.91 173.70
person 0.884587 63.64 114.34 111.02 177.50
person 0.884587 79.48 88.79 122.21 134.09
person 0.884587 80.64 83.83 128.02 179.93
person 0.878222 95.01 68.86 229.49 219.16
person 0.866000 97.02 151.84 220.98 173.24
person 0.850753 436.96 108.51 455.56 156.76
bicycle 0.846234 297.62 163.84 492.16 287.83
person 0.832513 116.73 68.71 167.63 179.75
person 0.819097 333.86 157.31 492.31 166.46
bicycle 0.804108 120.90 191.20 288.98 323.28
person 0.789480 360.44 83.63 391.53 158.60
person 0.789480 384.00 69.70 434.95 167.42
bicycle 0.784384 224.65 161.39 275.68 309.13
person 0.765687 324.14 108.95 489.44 173.07
person 0.760841 101.92 44.39 172.35 210.35
person 0.717295 451.67 40.08 494.47 164.68
person 0.706827 323.22 109.87 398.28 175.62
person 0.661793 340.55 57.50 470.34 202.27
person 0.621499 446.74 100.15 486.90 159.88
person 0.618855 170.77 108.80 184.78 154.18
person 0.601867 257.14 65.03 326.34 236.45
person 0.595306 409.96 156.83 496.23 158.06
person 0.595306 408.07 130.12 496.17 158.35
person 0.595306 460.16 129.29 497.79 156.29
person 0.594733 161.14 104.52 168.28 134.90
bicycle 0.581054 265.53 193.24 402.15 293.89
person 0.553588 30.37 71.91 211.19 329.78
