boat 0.946796 28.72 124.54 459.81 210.35
person 0.941616 111.06 2.59 255.17 119.57
person 0.914278 189.85 7.84 297.44 130.13
person 0.827390 280.00 59.13 309.38 108.01
person 0.827390 255.24 43.85 288.19 100.06
person 0.827390 256.08 42.86 301.50 124.74
boat 0.818748 63.75 81.28 465.46 192.65
person 0.779940 194.38 9.28 222.10 98.80
person 0.778429 86.07 0.00 97.34 50.54
person 0.774062 203.99 56.85 306.10 127.58
person 0.774062 202.34 71.85 270.72 125.51
person 0.532464 33.48 4.88 195.64 118.47
