bird 0.996586 164.14 277.00 394.24 377.22
bird 0.994536 163.92 214.39 307.52 327.17
bird 0.991368 183.28 278.86 270.80 365.80
bird 0.975992 37.28 222.35 376.71 374.88
bird 0.903797 63.75 281.15 201.55 353.23
bird 0.884234 320.08 287.35 361.78 316.31
bird 0.860922 234.93 174.02 472.92 383.68
bird 0.760237 142.19 317.49 186.47 347.31
bird 0.753875 159.98 280.55 209.12 335.82
bird 0.685605 326.12 283.93 381.57 325.81
bird 0.632878 66.34 114.61 152.37 205.74
bird 0.504845 96.80 122.70 115.01 180.12
