car 0.993464 12.85 3.02 255.75 138.49
motorbike 0.988668 4.86 254.52 214.79 369.48
car 0.947776 26.71 8.63 298.78 224.68
car 0.921491 71.66 0.00 201.79 108.22
car 0.916166 78.75 0.85 186.89 62.25
car 0.856039 161.98 1.44 266.35 62.24
car 0.855118 12.40 21.09 128.99 146.89
person 0.794476 226.04 117.69 340.99 359.26
car 0.750402 151.10 16.11 185.82 46.09
person 0.677447 164.61 146.35 316.20 370.69
dog 0.676297 383.26 211.08 494.91 382.83
person 0.653272 296.66 86.05 347.95 363.83
car 0.604990 155.50 19.22 183.03 22.56
car 0.604990 159.20 1.76 238.34 28.45
person 0.591477 119.73 12.76 356.79 259.47
person 0.531736 319.05 82.50 483.59 361.81
person 0.531395 105.77 57.00 256.15 254.72
person 0.506678 309.34 66.90 407.56 240.56
car 0.504073 150.65 0.63 177.16 23.10
car 0.504073 109.99 0.14 150.25 5.13
