person 0.951409 423.89 164.66 455.09 259.67
motorbike 0.931847 336.77 268.96 369.08 301.98
motorbike 0.887806 276.41 190.55 388.96 280.06
person 0.858952 360.28 161.16 477.51 268.22
person 0.754386 425.64 130.78 492.93 271.36
person 0.754386 453.92 155.41 495.27 255.99
motorbike 0.724433 319.98 269.78 352.21 300.48
motorbike 0.702173 150.44 199.16 323.86 313.07
person 0.652429 438.10 132.11 462.71 208.18
person 0.644169 57.22 178.82 101.35 252.07
person 0.642752 3.23 217.69 18.26 262.10
person 0.642752 4.68 193.50 26.47 264.55
person 0.599237 386.80 158.60 420.06 251.70
motorbike 0.578503 398.24 185.84 454.58 262.93
motorbike 0.578503 394.08 224.18 412.86 251.45
motorbike 0.578503 340.90 184.45 403.22 267.46
person 0.560596 340.27 176.50 392.35 239.07
person 0.555184 15.47 194.32 27.53 227.86
person 0.555184 2.31 190.37 13.62 229.28
