car 0.981481 274.26 75.39 481.03 133.39
car 0.953088 203.23 93.77 461.95 201.19
car 0.926007 346.94 71.43 484.83 119.59
sofa 0.877350 11.61 104.16 257.59 303.08
car 0.872620 377.10 51.35 437.56 110.12
car 0.872620 377.10 51.74 437.56 75.50
car 0.872620 341.45 54.60 425.23 90.86
car 0.872620 376.14 69.99 427.10 71.24
car 0.872620 358.84 26.00 436.57 116.03
car 0.848074 422.22 70.26 432.66 104.75
car 0.788876 304.60 24.22 412.91 127.45
car 0.768311 206.22 91.90 460.44 141.18
car 0.591465 336.16 50.18 371.70 86.66
