person 0.980847 78.96 250.36 190.96 369.44
person 0.972349 83.39 176.64 215.48 374.01
person 0.963632 69.79 173.82 188.67 302.31
person 0.928950 176.64 133.34 318.73 387.57
person 0.928907 195.57 152.78 452.36 378.50
person 0.834332 293.60 153.21 389.68 394.07
person 0.822578 21.66 140.35 122.94 358.62
person 0.722498 53.50 189.60 77.13 343.73
person 0.666097 152.07 170.63 225.41 334.52
person 0.644523 353.59 150.23 390.78 379.73
person 0.593666 132.52 236.58 169.74 300.28
person 0.577877 90.15 261.92 138.52 300.75
