boat 0.950633 340.31 121.87 478.03 219.32
boat 0.937554 203.91 100.87 241.03 207.35
boat 0.912873 325.88 158.26 483.31 191.95
boat 0.902434 119.87 104.85 198.19 179.90
boat 0.897502 38.78 113.80 171.23 190.88
boat 0.883419 226.99 133.54 249.32 171.17
boat 0.883419 229.52 141.81 241.17 196.00
boat 0.870938 162.28 133.02 238.95 208.52
boat 0.863935 249.70 152.57 275.52 175.64
boat 0.862927 311.56 154.54 352.17 175.10
boat 0.847628 280.67 109.97 457.76 179.38
boat 0.812970 99.67 110.24 143.19 177.02
boat 0.790632 271.17 102.07 302.09 202.17
boat 0.744712 369.18 159.62 403.03 170.42
boat 0.740955 138.91 108.08 231.86 216.76
boat 0.687438 56.16 131.82 102.83 174.63
boat 0.645641 6.03 132.39 44.44 173.87
boat 0.619429 181.54 121.46 421.97 211.39
