motorbike 0.998926 130.50 126.14 340.68 274.03
motorbike 0.998438 162.05 78.52 442.70 248.74
motorbike 0.995863 57.60 48.03 432.55 307.44
motorbike 0.989653 202.61 116.00 346.12 230.51
person 0.943721 4.21 0.00 62.15 269.94
person 0.878769 2.92 2.79 58.10 145.85
person 0.802641 423.10 95.75 448.76 260.07
person 0.738504 0.00 44.69 43.60 135.79
person 0.607242 309.40 50.96 386.56 154.09
person 0.607242 273.01 33.98 383.76 181.85
person 0.603428 272.44 50.27 293.44 68.72
person 0.595590 95.66 40.52 216.65 153.68
motorbike 0.563158 284.09 76.14 431.03 217.76
person 0.504056 102.78 25.71 381.24 163.85
