chair 0.974752 246.09 171.31 353.24 266.40
chair 0.974752 243.96 165.39 327.30 228.21
chair 0.873113 290.88 153.79 334.01 185.86
chair 0.865042 235.84 189.00 257.92 214.85
chair 0.796167 239.08 161.32 287.84 228.45
chair 0.795561 261.18 165.42 473.25 261.17
chair 0.786324 90.09 157.96 253.42 274.01
chair 0.770366 107.47 179.92 303.21 320.11
chair 0.740297 38.73 206.99 130.03 281.88
chair 0.740297 103.93 208.25 127.02 280.76
chair 0.740297 55.66 200.54 169.01 317.04
chair 0.566195 168.26 219.54 306.72 297.74
chair 0.515976 168.04 187.74 255.58 235.17
