person 0.978918 25.70 151.57 96.59 374.17
person 0.951304 75.98 170.43 157.03 349.12
person 0.886309 28.12 167.65 299.89 396.44
person 0.879508 342.04 195.27 487.73 349.13
person 0.864765 23.03 110.44 178.51 376.14
person 0.863548 253.02 212.29 480.83 405.52
person 0.851255 339.33 122.78 488.82 293.50
person 0.843562 243.45 220.60 321.10 373.80
person 0.815447 190.81 234.14 243.34 333.94
person 0.780744 106.95 175.20 253.90 302.95
person 0.761891 89.17 125.47 427.71 363.61
person 0.751331 71.50 183.93 119.57 287.45
person 0.718580 464.04 177.57 497.62 290.86
person 0.718580 397.06 187.66 463.29 299.76
