train 0.984736 13.36 144.03 124.50 235.47
train 0.945101 150.14 130.99 317.80 227.10
train 0.848887 251.40 132.17 317.65 226.47
train 0.672501 343.90 152.22 439.06 213.21
train 0.662997 126.04 171.18 129.80 208.20
train 0.662997 136.25 184.98 157.86 211.43
train 0.610414 102.02 207.26 118.23 232.61
train 0.610414 83.62 169.36 112.62 236.95
train 0.605751 139.84 144.10 183.28 213.31
train 0.574568 409.22 177.17 440.23 192.14
train 0.574568 415.86 188.03 437.75 205.50
train 0.555153 82.45 186.90 100.14 235.44
train 0.530026 92.65 173.17 113.31 214.68
train 0.518542 307.45 148.55 320.94 191.38
