person 0.984068 5.40 49.68 133.74 308.54
person 0.975071 0.00 74.01 78.31 288.74
person 0.953420 394.97 81.73 434.06 217.43
diningtable 0.950030 241.55 152.38 497.59 336.69
diningtable 0.868404 291.70 144.00 444.76 277.15
person 0.850445 399.64 83.78 493.92 285.88
person 0.797681 257.16 96.83 270.26 140.83
person 0.797681 262.35 94.98 300.90 176.50
person 0.774713 413.55 105.66 490.10 174.79
person 0.754661 88.91 91.52 211.51 197.64
person 0.720633 426.95 133.40 477.93 259.10
diningtable 0.641303 21.15 162.68 369.08 333.08
diningtable 0.597809 130.80 213.55 485.71 318.34
person 0.543283 249.41 97.56 265.18 134.36
person 0.543283 224.73 74.31 251.25 131.82
person 0.543283 251.72 98.18 268.92 166.05
