person 0.925712 175.55 215.27 392.05 391.98
person 0.907955 399.05 144.12 423.35 193.99
person 0.907955 440.27 148.94 455.99 184.57
person 0.896632 315.00 147.77 492.82 387.68
person 0.888561 433.86 141.57 444.95 195.99
chair 0.871247 91.34 165.86 256.82 312.31
chair 0.870443 4.07 215.41 249.41 398.14
person 0.860529 364.17 139.23 491.82 285.14
chair 0.831381 103.00 196.02 201.89 297.40
person 0.772677 72.77 275.78 255.96 378.20
person 0.725162 60.35 99.26 443.99 379.60
person 0.709554 389.77 143.74 413.73 193.47
person 0.709554 359.80 141.48 424.58 193.69
person 0.694866 414.85 132.47 487.64 199.38
person 0.686559 459.22 137.52 495.17 168.23
person 0.639544 456.25 159.35 496.59 199.11
