car 0.951524 423.96 323.39 447.76 333.56
car 0.951524 422.39 307.64 430.54 324.59
car 0.947747 387.54 296.82 409.76 321.27
car 0.928925 151.69 309.28 170.50 318.84
car 0.887342 338.15 305.57 352.29 314.12
car 0.825551 131.24 311.26 183.26 333.90
car 0.753937 78.97 328.24 450.91 377.53
person 0.708538 47.50 320.81 62.08 350.65
car 0.697001 458.86 305.93 495.38 327.37
car 0.697001 457.07 336.98 482.48 342.62
car 0.697001 427.44 301.89 492.55 335.74
car 0.697001 437.36 301.92 477.07 326.74
car 0.696488 80.11 320.89 109.11 339.96
car 0.584125 77.96 263.91 267.62 359.77
car 0.563191 280.83 306.36 287.55 322.28
car 0.538662 245.65 301.58 306.73 337.27
