person 0.900123 327.77 185.44 484.02 356.18
car 0.851744 18.59 237.27 190.47 372.66
bus 0.787958 43.80 176.77 314.05 260.55
bus 0.784239 84.90 120.52 436.99 347.31
bus 0.782905 23.31 194.01 271.68 295.38
person 0.727752 306.47 207.28 324.83 247.83
person 0.727752 307.93 204.06 337.14 279.75
bus 0.724600 365.64 147.94 404.26 257.76
person 0.696884 256.51 256.41 275.74 327.21
person 0.696884 293.48 258.50 311.76 348.43
person 0.661234 265.92 214.42 276.38 270.30
person 0.661234 268.47 171.13 296.34 288.12
bus 0.517741 345.39 109.61 399.97 250.84
