car 0.993254 385.91 200.69 493.20 313.30
bus 0.887921 184.37 156.40 358.89 230.07
person 0.857929 59.34 208.96 67.87 282.94
person 0.781174 53.53 192.07 73.80 234.56
person 0.726946 1.60 187.36 16.47 272.78
car 0.716938 177.56 208.73 261.57 253.88
person 0.710064 84.31 199.31 170.01 285.81
car 0.621273 363.49 229.40 385.94 282.42
car 0.621273 335.98 215.12 380.88 242.74
car 0.619638 414.92 228.01 497.59 252.42
car 0.619638 397.72 193.44 497.31 256.22
bus 0.602584 204.31 201.47 398.26 243.85
bus 0.589056 198.70 153.82 264.96 203.98
bus 0.589056 172.69 148.10 276.50 230.87
