person 0.996748 340.90 100.50 491.05 341.55
person 0.911540 396.65 157.08 494.08 366.89
person 0.883227 2.83 245.71 134.85 391.58
pottedplant 0.879844 190.08 126.04 291.00 209.00
person 0.878779 388.16 165.48 446.35 336.74
pottedplant 0.832751 245.95 113.87 302.05 211.52
person 0.813869 16.76 255.57 209.83 373.18
person 0.690611 323.59 50.95 488.08 253.14
person 0.650431 316.46 100.14 397.56 231.32
pottedplant 0.588507 219.28 143.04 268.79 231.57
pottedplant 0.533811 174.99 166.78 212.68 228.70
pottedplant 0.528567 192.30 183.13 235.88 232.44
