diningtable 0.989070 145.16 248.35 526.39 383.88
diningtable 0.975136 3.97 200.37 501.54 375.86
person 0.963973 300.97 76.78 439.52 210.84
cat 0.900947 166.33 189.30 232.18 308.55
diningtable 0.883140 50.37 271.05 308.98 381.02
cat 0.875117 56.89 188.97 249.70 312.42
person 0.869821 237.57 28.09 487.50 305.85
person 0.854438 338.74 164.58 503.29 262.23
tvmonitor 0.829734 14.87 0.49 231.65 122.76
diningtable 0.772537 257.05 178.38 503.74 315.06
person 0.679457 311.54 1.92 370.35 209.90
cat 0.575117 18.26 89.95 424.27 271.44
diningtable 0.521946 25.69 33.64 483.24 370.05
