chair 0.983594 102.24 194.26 161.63 337.94
chair 0.983594 100.33 228.91 138.13 331.23
chair 0.977719 133.21 234.32 162.23 336.27
chair 0.943145 124.21 203.71 149.16 263.05
chair 0.913279 8.50 214.71 53.22 296.65
chair 0.893223 4.63 225.48 49.95 270.39
chair 0.893223 26.50 208.11 50.97 256.66
chair 0.833445 21.40 207.07 116.92 362.88
chair 0.796881 59.12 191.39 88.47 300.81
chair 0.778583 138.72 206.72 149.18 244.16
chair 0.766404 276.60 229.92 360.99 295.00
chair 0.508899 30.98 201.52 62.21 237.06
