chair 0.982305 79.73 242.30 487.15 384.60
chair 0.981586 347.03 266.11 480.36 370.87
chair 0.970504 149.16 253.38 362.85 390.16
chair 0.963966 336.71 266.14 463.36 327.32
chair 0.935048 228.31 169.78 426.18 388.80
pottedplant 0.851685 30.58 145.82 145.72 327.36
pottedplant 0.841682 76.86 149.23 139.73 251.01
chair 0.824613 9.93 249.06 258.69 372.30
chair 0.794915 135.38 238.95 255.41 322.61
pottedplant 0.732383 16.72 40.29 106.67 241.85
pottedplant 0.677188 43.77 65.58 282.30 270.37
pottedplant 0.600814 325.46 104.25 363.65 210.40
chair 0.558151 140.01 236.11 190.41 313.20
tvmonitor 0.520137 5.36 239.60 36.79 307.94
pottedplant 0.502165 128.11 153.80 213.32 217.48
pottedplant 0.502165 131.07 170.92 185.57 214.48
pottedplant 0.502165 178.04 152.97 213.72 197.65
pottedplant 0.502165 161.03 178.93 185.80 200.16
