train 0.995807 12.62 112.12 343.65 218.78
train 0.995212 70.12 159.53 357.74 213.21
train 0.987660 11.73 117.53 174.09 221.89
train 0.987149 137.02 144.77 340.88 195.77
train 0.871764 24.52 152.34 117.79 206.98
train 0.867712 264.85 122.53 327.83 176.28
train 0.784859 31.56 186.25 159.65 218.34
train 0.784859 36.30 202.90 159.26 217.61
train 0.757554 31.03 155.13 70.33 205.12
train 0.757554 4.61 123.30 49.52 225.50
train 0.746889 28.01 190.92 87.76 214.23
train 0.626178 18.59 171.60 33.69 186.64
