bicycle 0.953329 144.75 161.76 383.30 369.07
person 0.939647 175.04 34.45 495.72 234.57
person 0.933042 300.43 59.16 494.54 163.83
person 0.928651 294.66 81.61 405.99 232.96
bicycle 0.901033 283.90 208.24 395.58 358.82
person 0.890441 301.79 69.34 407.60 148.07
person 0.829375 9.09 120.55 21.72 154.83
person 0.829375 2.62 109.66 18.41 164.77
person 0.784998 1.27 148.61 12.18 178.47
bicycle 0.761369 302.47 118.40 444.84 373.75
person 0.753452 14.53 102.53 44.08 156.69
bicycle 0.735126 85.72 113.70 200.57 332.59
bicycle 0.726938 117.81 175.82 198.18 328.44
person 0.710033 160.56 27.07 333.04 270.69
person 0.683958 25.08 142.97 46.60 185.18
bicycle 0.645276 293.54 191.41 444.63 295.09
bicycle 0.624238 19.33 149.09 177.10 369.81
bicycle 0.600537 197.35 71.48 477.35 361.22
bicycle 0.560832 184.38 125.36 297.98 338.70
person 0.548574 23.44 148.46 109.58 342.79
person 0.546275 25.43 22.34 201.62 226.42
bicycle 0.512348 60.36 59.00 410.70 359.25
