sofa 0.992540 10.04 251.63 391.63 332.93
sofa 0.988152 16.77 188.46 459.95 332.51
sofa 0.986778 188.54 195.50 471.15 299.81
sofa 0.986196 189.39 258.56 412.11 335.60
sofa 0.968750 311.22 197.05 425.91 276.27
sofa 0.963036 77.08 76.28 458.42 317.38
sofa 0.893173 304.55 211.52 483.10 304.07
sofa 0.778826 241.53 185.59 359.61 232.42
chair 0.714444 383.03 176.61 481.00 235.40
sofa 0.652387 176.98 245.09 267.45 295.25
chair 0.582630 382.42 179.79 479.19 304.89
person 0.578051 404.33 269.35 429.55 304.69
tvmonitor 0.544690 211.16 61.28 274.33 223.25
