chair 0.861857 311.63 187.89 412.80 263.74
pottedplant 0.798761 123.38 1.18 140.95 17.65
diningtable 0.767981 91.04 204.17 492.99 387.68
chair 0.736239 415.78 233.52 428.17 336.13
pottedplant 0.736160 114.89 181.55 138.66 265.86
pottedplant 0.726673 180.69 0.58 202.50 5.75
pottedplant 0.658763 60.11 106.01 268.09 359.50
chair 0.600952 346.13 175.80 391.50 225.08
chair 0.600952 372.57 179.33 409.77 203.44
pottedplant 0.599585 129.37 20.03 149.61 71.87
chair 0.581727 381.14 191.19 392.70 220.76
chair 0.558087 432.63 215.62 443.47 278.89
chair 0.558087 407.06 210.59 442.28 279.22
chair 0.530579 357.65 189.95 375.51 222.27
chair 0.508118 371.07 250.26 393.26 328.89
