chair 0.948946 386.53 304.39 492.44 377.18
chair 0.940135 326.09 303.89 401.04 375.21
chair 0.924876 386.37 309.03 411.83 329.59
chair 0.787139 192.43 293.09 479.94 375.25
chair 0.772312 341.26 298.73 401.58 351.37
chair 0.772312 333.86 278.19 422.86 336.00
chair 0.772312 340.57 276.97 415.73 310.00
chair 0.764834 395.64 301.69 412.68 329.28
chair 0.684365 324.00 300.40 352.24 384.43
chair 0.672551 214.32 281.10 500.45 343.01
chair 0.640946 366.37 308.59 379.21 325.94
chair 0.640946 335.61 299.38 363.65 325.97
