bicycle 0.998232 116.91 256.76 495.32 354.09
bicycle 0.996798 94.26 283.79 244.70 341.42
bicycle 0.996302 320.50 265.04 439.86 346.30
bicycle 0.994792 321.26 268.11 489.58 384.54
bicycle 0.990342 97.89 291.44 313.24 404.05
bicycle 0.971645 49.57 272.18 471.69 421.19
bicycle 0.961246 233.60 296.30 356.81 400.62
bicycle 0.945143 27.59 268.80 139.48 390.14
bicycle 0.945009 103.11 298.99 235.92 373.27
bicycle 0.824366 149.48 331.40 196.46 365.75
bicycle 0.817802 344.32 311.20 433.49 387.38
bicycle 0.817802 348.14 293.11 408.73 358.74
bicycle 0.817802 379.38 290.23 420.53 344.14
bicycle 0.793063 43.46 246.55 145.19 299.34
bicycle 0.793063 87.25 245.92 143.31 291.47
bicycle 0.752690 145.00 258.04 158.23 288.99
bicycle 0.752690 162.00 276.43 176.25 287.42
bicycle 0.752690 127.00 259.04 141.25 289.99
bicycle 0.752690 110.00 262.52 123.23 289.48
bicycle 0.637552 125.61 325.57 143.65 357.66
bicycle 0.637552 138.11 330.68 162.60 345.38
bicycle 0.637552 123.72 311.79 166.25 383.98
bicycle 0.637552 120.52 320.00 165.63 357.43
bicycle 0.637552 108.71 312.82 125.46 354.26
bicycle 0.599628 46.46 294.45 233.08 399.38
