bicycle 260.00 198.00 362.00 311.00
bicycle 226.00 183.00 319.00 273.00
bicycle 104.00 181.00 216.00 287.00
person 107.00 110.00 199.00 269.00
person 227.00 126.00 286.00 207.00
person 261.00 125.00 355.00 269.00
person 5.00 96.00 32.00 148.00
person 31.00 100.00 64.00 150.00
person 63.00 98.00 89.00 148.00
person 13.00 125.00 80.00 235.00
person 61.00 135.00 111.00 231.00
person 95.00 129.00 128.00 177.00
person 334.00 111.00 368.00 153.00
person 370.00 110.00 395.00 153.00
person 390.00 108.00 425.00 227.00
person 423.00 117.00 450.00 155.00
person 447.00 116.00 496.00 225.00
